1
2
3
3
4 5 6 7 8
9 10 7 2
2 11
7 12 13
7
14 15
7
7 16
17 8 18
7 2
19 3
7
7
7
20
7
7
5
7 2 20
7
21
7
7
20
7
7
7
7
7
7
7
7
3 7
7
7
7
7 2 22 23 22 24
7
7
25
7
7
7
7
26
7 27 28
7
7
7
29
29
8
8
7
7 24
5
7 30
7
31
7
7
7
7
7
7
32 33 34 20 7 35 36
37
7
29
7
5
7 2 21 20 38
7
7
7
39 38 7
38 7 40 22
7 40 22 41
7
7
7 2
7 20
7
20
7
3
20
22 42 43 44 24 7
7 45
46
46
46
46
46
46
5
22 7 47 48
16 49
49
7
16
49
49
7 50 40
7
7
7
7 24
7
7 2
51 7
7 20 7
3
7
5
7 52
7 5 1
7
3 53 7
7
54 7
7
7
7
30 7
7
2
7 39
7
24 7 20
7
55 56 7 31 20 2
7
7
7 57
58
7
7
7
7
7
7
7
7
7
7
7
7
7
7
7
7
8 6 5 59 48 60
7
2
7
43 22 61 62 63 64 65 66 67 7 24 68 69 70 19
7 1
1
15 7
2 7 22 24 43 64
20
71
7
7
7
7
7
7
7
7
7
7
7
7
7 20 7
72 39
7
7
7
7
73 7
7
74 7 75 76
77 78 77 79 7
12
7
7
7
7
7
9
7
80 7 1
7
7
7
7
7
7 16
16
7
7
7
27 7
7
81 82 4
7
1
7
7
83 81 84 7 20
7
7
72
20
72
85 72 86 72
72
72
7 87
88 7
7
72
72
7
7
89
7
20
7 36
7
7
7
7
15
7
2
90 80
22 7
7
91 92
92 82
82 49 93
82 49 93 82 7
93
7
7
94
7 30
95 7 61
7
38 7
7
96
97
26 7
1 7 98 99 100 101 27 102
7
31
103 104 105 31 84 49
7 2 106 107 7
2 106 107 7 40
7
7
108
108
108
5
109
7 1 84 7
31
2
2
110
7
7
20
7
7
7
7
5 111
5
5
7
5
5
7
7
7
22 7 61
22 7
108
7
7
77 112 84
7 84
7 84
7
7 20
7
5
7
7
7
7
7
7
7
7
7
7 30
7
45
7
7
7
7 22 113
7
7
114 20
7
115 22 41 7
68 7
7
7
7
7
7 2
7 116
2
20
7
7
7 117
5
7
7
7
7 25 118
7
7
119
7
110
7
7
7
7
7
7
22 63 24 120 67 7 20
15
15
15
15
15
7
15
20
7
36 7
5
7
14 16
7
7
91
7
7
20
20
7 20
91
20
91
91
91
91
7
7
20
7
91 121
91
7
122 20
7
7 20
7
7
123 124 7
7
7
7
7 20
7
7
5 125 7
7
7 2 126
7 21 1 5
7
7
7
7
7
29
7
7
7
7
7
7
7
7
7
7
99 7
2
7
7
7
2
7
2
2
7
7
7
7
16 114
7
7
7 74
7
7
7
7
7
7 45
7 26 7
7
127 7
7
7
128 7
7
40 7
27 7
7
129 103
20 7 83
7
7 74
7
7
7
5
5
22 24 22 7
22 130 5
49
7
131 48 7
7
7
7
7
5
84
7 85
7
7
84
7
7
22 24 7
7
7
7
7
7
7
7
7
7
117 48 7 59
7 117
126 1
7
7
7
7
7
7
7
7
7
7
7
7
7
7
7 16 7 85
132 7 100 133
7
7
16
16
16
16
134 135
75 74 7 1
20
20 7 30
20
7
136 137 138 139 20
7
49 16 7
7
7
2 7
84
7 22 6 43
7
7 24
41 7
7
7
5
2
2
2
2
2
2
5 6 8
7
7
7
7 1 107 140 107 125 141
108
108
108
108
45
108
108
108
48 108
108
108
142
102 5
2 72 7 30
101 7 143 20 38
20 1 7 25
96 21 7 20
61 144 145 24 22 146 7
5
5 83
7
7 2 40 125
23 2
5
11 7
147 7
7
8 5
7
72
148
7
38 149 150 151 39 2 7
7
2
105 31
7
3 142 3
94
7
108 20
108
22 7
152 7
7
2
108 3
7
7
135
40 7 107
7 1 131
7 85
8
8
8
7 5 6 22 145
7
7 37 3 102
20
37
7
7
30 20
7
84
8 15
7
86 7
7
7 117
40 7
78 153 154 105 7
7
7
16 7
7
7
105 7
49
49
155 7
7
91
7 20 30
20
7
9 7
7
7
7
20
20
7 20
7
7
15
7
20 5
7
1
7
7 26
7 2 20
5 7
20
20
20
7
29
7 5
7
156 7
7
7 84 157
84
7
7 1 10
80
5
7
158 7
7
7
7
7
7 20
7
159 7
160 25 26
1 10 7 20
7 1
7 48 80 6 131 161 83
7
162 7
7 40
59 131 117 7
7
7
7 85 75
7
7
7
46
7
26
7
2
7 2 7
7
7
7
7
7
7
7 1
7
7
7
7
7
26
7
7
7
91
91
91
7
48 5 6 8 15 7 1 2
14
49
7
142 7
7
2
163 20 7 11 163
163
7 40
7
7 128 164 77 165 166 167
7 2 145 22
7
7
7 1
2
7 20
7 2
24 22 146 41 43 145 7 1
7
7 5
7
7
7
7
7 2 105
7
7
3
19 3
49
49
49
29 15 8 89 5
7
7
31
7
168
8
7
108
91
108
12
108
7
5
7 169
170 26 171 172 173 174 175 38 176 177
7
22 7
7
2
7 3 20
7
7 85
7
7
7
2
3
15 7
7
7 20 114 68 70
7
7
20
2
7
7
20
5
5 6 7
1
7
30
11
7
20
53 142 3 178
7 2
7
16 135 7
7
7 22
7
7
84
84
84 131 83
84
7
7
179 7 180 39
7 30
7 67 22
7 67 22
20 45
1
7
7 30
7
3
7
7 20 7
7
7
7
58
58
7
2
20
100 7
7
7
181 7
7
7
7 8
182
7
7
7
20 16 183
142
7
21 7
7 2
7
7
7 140
7 145
7
7 26 85 40
7
7
5
7
7
184 7
7
5 8 7
7
5
7
25
7 1
7
7
7
20 7 30 20 7 131 48 117 74 112 126 75 185
26 7
7 20 2 84 93
142 7 20
7
49
26
7
7 1
3
7
7
7 1 111 53
7
43 22 2 7
186 7
7
39 7
7
22 7
7
7
7 1
7
7 187
7
5
7 1 26
30
7
7
7 2 45
7 26
7
8 7 20
8
7
7
7 188
29 5
25
7
7
20
17 84 15
146 22 24 7 145 61
15 7
7
7
7
7 30
3
22 43 24 145 7 85 40
7
7 2
7
7
7
20
7
84
26 7
26
26
7
58
7
7 189 75 83 117
7
7
7
7
7
16
7
7 1 2
7 1 2 7
7
5
7
7
9 10 7 20
20 7
7 20
16 105
26
25
7
7
7
7
2 7 26
7 108
7
7
7
140 50 108 7
7 108
7
7 20
7
131 117 7
7 2 26 45 76 1 7
7 26
7
7 1
7 2 76 94 190 20
20 7 21 96 45 76 12
108
7 83 2 117 191
30
10
26
26
7
7
7 1 7
20
1
7
7
7 1 22 115
7 20 26 7 26
7
1
11 7 1
11
7
7
7
7
7
7
40 107 7 24 22 43 42 192 100 193 180 70 68
7
194
6
7
7
7
7
102 19 3 18 195 6 196 75
7
7
2 7
45 7 105
7 117
7
7 83
7
89 91
91 16
7
77 7 2
7
8
1 7 25 75
1
1
7
5
80 7
7
197 7
7
7
7
7
7
7
7
84
5
142
5
1
7
7
7 30
7 30
7
7
7
26
7
7
7
7
7
7
7
7
7
7
7
7
7
7
7
7
7
2
7
7
7
7
7
7
7
7
7
7
7
7
20
7
7
145 22 44 24 198 199 67 41 7 1 2 30
7
22 7
145 7
7 2
5 8
7
7
7
5
7
7
200 9 7 10 7
1
7 100
7
7
20
7 1
7 74 48
7
68 11
7 83 73 201 73 202
108
7 20 7
84
7
26
7
7
7 20 25 75 128
7 10 51 9
7 10 51 9 10 48 117 203 180
9 10 48 117 203 180 70
7 180
2
1 48 70
117 7 180 1 2 70 9
48 2 117
61 7
180 7 48 204 6 10 9
7 70 117
7
2
7
7
7
7
7 205
9
7
203 117 83 7
206 74 7 1
7
7
20
20
7
7
7
7
31 105
19 3 102 3
75 25
20 7 30
20
20
7
7
7
110 45 9 7 2 20
2
15 5
15 5 8 7
7
207
207
91
10
7
208 52 207
207
207
207
16 3 142 16
16 20
7
110
207
207
16
14 207
108
93 102 209 70
7
21 45
20 7
5 7 20
107 7 26
75 7 2
7
7
110
72
110
7
110
72
7
7
7
22 24 7 5 6 61 22
2 7
7
7
5
5
5
49
7 5 6 22 145
7
7 37 3 102
91
7
20 30 7
20
20 7
7 210
7 84
7
48 84
7
16
84
7
7
7
7
7
7
7
7
10
2
7 85 86 211 212 40 87 101 141
30
30
20
75 77 112 74 105 7
7 1 40 85 213 214 68 117 83 59 48 6 39
26 7
91
215 91
7 26 2
7
84
7
142
7
7 2 7 20
7 20
7
7
216 3
7
20
5
7
30
50 217 140 19
50 218 125
5 8
45 219
7
5
10 163
7 163 9 2 20 10
220 128 221 222 223 224 78 188 225 77 75 226 227 228 103 229 230 163 231 20 53
232 20
7
8 5 7 2
7
7
7
7
7
233
9
7 84 14
84 14 5
7
7
2
234 7
7
7 2
7
7
7
7
7
