1 2
3
4 3 5
3
3
3
3
6
3
3
7
7
3
3
3
8
3
9
10
6
3
3 11
12 3
13
13
14 13
3
3
3
3
13
3
3
13
3
13
3
13
3
3
3
3
3
15
13
3 16
13
3
3
13
17
3
18 19 20
3
3
13
3
21 22 3
3
3
3
3
23 6 24
13
13
25
3
13
13
13
6
3
3
3
10
10
26
24
26
26
26
3
3
3
3
13
20
25
13
13
13
13
3
13
3
3
3
3
3 27
3
28 3 29
3 28
3
3
3
3
30
30
3
7
3
31
3
13
32
20
33
20
32
34
35
36
3
3
7
13
37
3
38
38
38
11
3
3
39
40 3
3
3
6
13
13
13
3
25
13
26
13
36
36
3
3 41
13
3
3
3
42 3
3
13
13
3
6
43 38
37
44
3
3
13
3
3
13
13
3
40 3
6
13
3
20 3
36
45 31 46 3 47
13
13
3
3
37
8
3
48 3
3
38
3
13
13
3
3
3
3
3
49
3
13
3
3
3
11 3
37
25 13
26
37
37
50 13
3 51
3
3
25
25
25
25
3
52
38
38
53 39
3
30
3
39
25
13
12
12
13
8
3
20
13
12 54
38
3
13
13
3
3
3
3
8
3
7 3 10
10 3 10
6
3
3
7
3 36
3
3
3
3
6
11
13
13
13
13
13
13
3
3
41 3
8
3
48
36
55
3
3
44
9
3
3
3
3
3
3
3
16
3
13
56 57 3
3
6
6
6
6
6
6
6
6
6
6
6
6
6
6
38
38
3
3
3
43
58
3
3
6
20
20
6
16
13
3
8
8
3
3
3
13
13
13
13
13
42 3 20
3
13
3
36
36
36
36
36
8
6
13
3
3
13
8
8
13
8
3
3
3
3
8
3
40
3
3
3
3 11
9
9
9
9
9
37
13
3
59 3
3
3
3
26
6
13
13
13
6
3
60 13
38
38
10
13
61
3
3
13
8
37
13
13
13
13
3
3
55
3
3
55
8
38
3
6
62
3
3
3
3
3
3
3
63
16 64 41
3
3
3
3
3
13
13
13
13
3
3
12
12
3
37
11 3 65
25
3
6
13
46
45
12
3
3
3
3
3
3
3
3
3 11
3
3 16 3
3
3 40
3 40 3
3
3
3 66 3
11
3
3
3
3
3 40
3
3
3
3 37 67 68
3
3
20
3
3
3
3
3
3
3
3
69
3
3
3
3
3
13
38 13
38 25
25
70 13
38
40
71
9
9
9
37
3
3
72 22
37
37
37 3
6
6
3
13
13
3
13
3
3 16 20 3 40
20 73
3
3
74 3
3
3
3
13
3
3
3
3
3
3
37
15
3
3
6
3
38
3
6
38 75
75 38
3
13
3 16 76
3 16
3 28 41
3
3 41 77
3
3 7
3 7 3
3
24
11
78 16
3
3
13
13
16
39
3
3
79
3
3
3
13
3
3
6
6
6
3
3
13
6
6
6
6
6
80
13
3
3
3
37
3
3
13
3
8
8
13
3
3
41 28 3 81 82 83
8
3
84
11
3
13
3
3
13
38
13
13
3
3
3
3
3
3
3
3
3
3
3
3
12
13
13
25
13
3
3
3
3
3
3
3
3
3
3
13
3
3
3
3
3
3
3
6
6
20
6
3
3
3
3
3
3
3
13
13 24 34
13 24 34 3
11
85 43
14 13
20
13
13
25
3
3
3
3 11
3
3
3
3
3
13
3
13
35 52
6
3
3
3
48
3 7 8 36
7
3
13
13
8
8
8
13
3
13
13
3
13
13
3
13
13 3 13
3
13
3
3
6
13
32
52
3
13
11
46
13
3
11 3
6
69
86
38
13
3
3
3 36
36
38
20
3
13
6
3
3
40
11
3
3
3
3
48
3
3
3
65 15 87
3
3
3
3
13
8 88
3
6
13 3
6
6
25
8
52 45 20 89
7
3
61
90
6
3
90
37
37
3
11
43
54
43
90
16
25
25
9
6
3
3
91
13
3
3
39 3
3
3
3
3
80 10
3
13
3
51
3 16 3
3
3
3
37
25
11 3
3
3
3
3
3
3
7
16 3
20
7
6
16
7 3
7
7
3
7
3
3
3
3
7 3
7
3
3 11
13
3
3
6
6
6
3
3
3
3
69
13
13
13
13
13
3
3 7
3
3
20 22
3
92
25
25 93
94
95
25
13
3
3
3
3
47
3
3
3
3
3
3
3
3
3
38
69
3
3
53 3
3
3
3
3
3
3
13
3
6
3
3 7
3
6
3
3
13
3
52
13
13
3
6
3
3
21 96
25
3
3
3
3
3
6
6
3
13
13
13
13
13
11
13
3
43
3
3
13
3
25
25
25 38
69
69
13
13
25 13
13
25
15
3
13
13
13
13
13
38
3
13
3
13
3
3
3
3
3
3
3
3
97 3 64
98 3
99
6
13 42
8
6
13
13
13
3
3
13
6
36
7
3
3
3
13
42 13
13
11
80
3
13
3
3
3
8
100 3
91
39
71
63
61 39 69 63 101
63 101 63
63
63 71 102 63
12 103
63 90
90
63
63
63
71
13
13
3
13
3
3 7
3
11
3 7
104
59 48
105
3
3
3
3
3
3
40
65 13
13
8
8
13
3
3 106
3
3
20
3
13
13
13
13
13
13
13
13
48
48
3
8
8
37
13
3
79
79
20
3
36
3
3
13
13
3
3
6
6
6
3
3
40 3
25
3
3 20
6
6
6
6
8
3
39
48
20
8
3
12
3
3
24
3
13
3 16
3
3
3
3 7
12
12
12
12
12
12
12
12
12
13
12
12
12
12
12
12
3
3
3
3
6
13
38
38
38 17 38
17 38 55 34
72 22 21 76
13
13
13
13
90
8
8
3
6
91 107 108 15 109 110 111 112
113 114 91 87 42
3
3
34
34
13
3
3
6
6
6 115
13
3
8
45 39
13
11
3
3 20
3
3
90
15
13
3
24
3
3
12
12
3
55
116 3
13
13
13
3
13
13
13
38
25
8
3
3
6
3
3
3
3 41
3
3
3
3
117
90
3
11
3
48
48
48
3
93
48
48
37
37
37
39
3
3
3
25
3
3
3
3
3
13 25
13
3
39 52
52 39 62 69
25
6
6
25
6
38
6
3
3
3
13
3
3
32
6
6
37
3
13
3
3
3
3
3
42 3
13
3
3
25
13
8
3
3
61
8
6
3
3
6
3
3
3
3
3 118
3
3
3
3
3
3
3
3
13
3
37
3 37
13
13
3
3
3
13
3
6
6
13
119
119
119
25
119
3
26
3
13
3
13
13
48 3
13
3
43 120
90 12
3
3
3
3
3 40 7
3 34
3 11
6
3
3
3
6
6
6
6
6
6
6
13
13
13
6
6
3
6
6
13
15
30
13
30
10
10
6
6
6
6
6
6
6
6
6
6 8 115
6
6
8
6
6
6
3
3
3
3
13
13
13
13
3 20 3
3
36
36
36
3
40
13
52 121
40
52
3
3
6
6
3
3
13
3
13
3
3
3
13
26
44
3 20
3
13
6
32
3
12 90
3
3
3
25
25
36
62 3
10 37
10
3
39
8 122
8
38
3
3
3
3
3
3
3
3
3
15
13
13
3
3
6
6
3
42 6
6
3
10
13
3
3
3
3
3
3
25 123
3
3 42
11 3
3
55
6
3
3
3
3
3
3
35
35 10
71
3
3
3
3
11 16
13
25
25 13
25
124 3
3
13
20
3
16
3
125 126 13
3
12
12
12
12
12
11 3 13
3
8
12
3
43
25
3
3
3
3
3
3
11 3
3 16 11
3
3
3
16 3
21
30
13
6
51
3
13
3
3
13
13
3
3
13
3
3 20
3
3
13
3
3
8 127
128 8
3
3
3
3
3
3
3
3
3
3
3
3
6
30
8
6
42 3
3
3
20
79
3
3
26
3
3
3
12
25
12
22
37 71
3
3
3
11
3
3
3
24
3
13
13
3
3
3 20
62 3
3
13
3
25
55 13
21
13
37
37
13
3
3
129
40
12 79
3
26
3
