1
1
2 3
1 4
5
1 6
1 7 8 9
10
11 12
12
13
14
15
1
5
16
1
15
15
1
15
14
1
17
18
19
1
1
1
1
1
1
1
1
20
21 22
14
1
23
23
1
18
18
24
1
1
5
11
11
25
18
12
1
1
1
1
1
14
26
26
26
26
26
26
26
1
26
1
27
26
1
1
1
18
1
28
3 23
23
23
23
11
11
11
1
7
1 29
1
1
14
5
12
11 30 12
5
16 5
1
16 5
31
5
16 5
32 33 32 34
1
1
14
35
36
1
1
2
37
38 14
39 1 40
41
5
1
1
16
1
1
41
1
39
39
1
1
1
42
18
39
15
11
11
1
14
1
12
43
11
18
12
11
44
44
1
1
1
39
45
11
1
1
1
1
42
11
16
16
46
47
12
1
12
37
14
1
48 1
1
11
1
1
1 19 49
1 50
51 1
11
11
12
11
1
18
11
2
12
1
11
11
18
1 52 53 54 4 55 56 57
1
6 1
1 58
1
1
1
1
1 59
28
60 28
37 61
11
11
1
1
1
14
1
1
42
1
16
1
1
39 62
1
1
63
63
23
37
1
1
1
1
1
1 64
4 11
1
1
11
1
65
1 66
1
1 18
7 67
1
1
1
7
7
7
1
1
7 1
7
7
1
44
27 68
45
1
1
1
1
69 1 70 1
1
11
1
16
14
1
11
11
11
71
1
1
1
1
11
1
1
45
1
64
2
28
39
1
1
1
1
1
39
1
1
64
1
1
1
1
1
1
72
72
72 73
7
16
5
5
5
1
39
1
1
1 52
1
1
1
1
1
41 74
1
1 18
39
1
1
32
32
32
75
18 1
1
76 1
12
1
1
1
1
1
1
1 19 64
15
13
1
1
16
1
6
11 12
12 39
1
1
1
4 39 6
16
72 1
1
42
44
15
15
11
11
11
11
11
1
9
1
1
1
1
1
1
1
44
64
1
1
1
1
1
77 47
47
47
14 77
47
77
47
47
9
47
19
15
1
1
14
14
14
1
11
1 78
18
1
1
5
1 18
1
13
63
41
1
1
79
1
1
1
11
11
1
1
1
80 81
1
1
14 82
16
16
16
16
16
14
1 83
1
1
1
11
1
1
1
11
11
1
11
1
1
28
42
1
11
23
18
1
1
84
1
1
38 1
19
1
1
85
1
1
1
1
1
1
1
1
11
11
1
18
32
32
1
1
1
1
16
4 1
43
16
1
1
1
11
1
1
1 51
1
1
11 86
11
1
23
18
11
11 53
1
1
11
11
11
1
11
1
1
1
1
1
53
1
1 11 87 88 89 90 91
92 93 1
94
11 95
11
11
12
1
96 1
1
97 11 98
1
65
41
37
39
39 1
45
62
1
53
13
53
53
53
1
1
1
1
1
16
16
16
16
16
16
16
12
1
18
1
94
99
18
14
11
43
1
1
1
1
1
6
62
1 100
1 7 18
101
102
6 1
11
1 18
62
1
17
102
102
11
18
1
1
1 89
1
1
1
1
1
1
11
1
83
1
1
1 103
14
1
1
1
15
1
1
1
1
18
62
16
1
18
18
74
104
11
83
17
105
105
105
105
1
19
1 18
1
14
1
11
1
42
37
45
1
1
1
1
11
1
18
79
1
1
1
1
1
1
1
106 1
1
1
42
16
1 39
1
52 11 44
107 1 18 108 50
1
1 78
1
6
1
1
18
1
6
1
1
18
1
1
1
1
1
1
1
1
1
1
1
1
1
1
1
1
1
1
1
1
1
1
16
39 62
12
39 12 39
11
1
1
11
39
1
1
1
1
1 109
11
1
1
1
1
11
1
16
1
11
2
83 1
1
43
1
1
1
1
1
32
1
1
74
74
1
11
42
42
1
1
1
23
33
1
11
39
11
36
2
39
1
64
1
1
11
1
75 18
110
1
1
1
37
39
111
1
1
1
1
11 96
1
6
1
1
1
15
83
11
11
1
1
1
1
1
16
1
1
1
1
1
1
1
32
32
1 18
1
7
1
1
1
79
79
86 11
1
112 50 1 89 113 114 115 30 116
1 6
1
1
1
1
13
1
41
64
64 1
61
64
116 117 43
74
74
74
1
14
110
39
18
11
11
1
16
16
1
9 114 95
15
118
15
16
5
32
41
1
1
39
13
13
13
1
16
43
43
6
1
1
18
119
16
1
1
1
13
11
1
1
1 56 52
1
1
14 44 35
35 107
1 120
16 102
16 102 16
11 113 121 122 113
11
1
11
11
11
1
1 68
1 19
1
1
1
1
80 105
1
123
39
17
124 33
4 1
1
1
11
12
13
12
12
11
12
12
12
12
12
12
12
12
12
12
12
12
12
12
12
6 14 2
1
1
1
1 120
11
16
1
1
1
1
1 18
111
1
1
1
1
1
1
125 13 57 1
13
1
14
16
126
5
16
62
62
1
1
1
1
16
15
102
1
16
1
1
1
1
1
1
1 89 116 113 52
1
42
46
127 1
120 18
1 14
1
1
62
45
45
1
1
7 51
1
11
11
11
11
11
1
1
1
1
1
1
1
1
1
11
1
1
1
1
16
1
11 113 89
11
1
101
41
108 101
128
128
120
120
9
19 1
1
1 83
1 129
83
85
1
1
44
130 13
13
13 44
32
32
1
37
37
37
37
37
1 11
1
18
11
11
1 11
18
11
11
1
1 18
1
1
11
11
11
5
1
31
16
1 18
1
1
1
11
32
1
5
1
15
15
89 52 1
18
1
1
1
1
1
1
7
1
1
1
131 1
11
1
13
33
13
1
1 65
11
62
1
1
12 11
11
1
1
1
1
75
1
1
1
1
11
11
11
1
33
11
1
11
5
5
5
1 100
1
14
1
1 18
7 1 7 44
1
1
14 82
1
102
16
132 14 107
1
1
1
133 1
134 9
1
1
11
50 135 83
1
1 128
120
11
11
1
1
33
1
1
1
136
1
11
14
75
1
14
137 14
14
116 1
1
1
1
1 116
1
74
74
74
105
44
16
2
119
119
11
18
1
1
1
12
12
1
1
1
1
1
1
1
1
138
1
16
5
17
1
72 1
1
1
1
1
1
11
1
1
11
16
1
1
1
1
1
12
1
1
1
1
1
1
18
1
7
1
101 1
11
1
44
44
44
11
26
1
14
1
62 1
17
1
16
16
1 125 51
1
1
1
1
1
14
14
1
63
63
1 139
1
1
9
12
12
12
12
16
1
1
16
84
84
14
1
18
140
1
1
19
1
1
15
16
15
1
1
1
1 120
11
11
11
1
1
1
1
1
1
1
1
1
1
1
1
1
1
1
1
1
1
1
1
1
1
1
1
18
1
11 39
9
18
1
75 102
102
1
1
6
11 1
1 129
129 1 52 141
1 142 52
1
1
1
1 129
1
1
1
1 6 1
1
143 1
16 144 145 146
16
16
16
1
1
37
1
1
1
1
18
1
12
1 11 52
1
23
25 1
25
1
1
1
18
147 19 64 1 79 1
1 19
68
1
1
1 11
78 64
1
1
1
1
1
1
1
1
1
11
11
14
16
1
12
11
12
1
1
79
79
13
79
18
33
33
33
13
1
1
7 1
1
1
1
1
1
1
1
18
1
1
1
1
1
1
1
16
95 116 89 1
89 1 108
1
11
1
12
1
11
6 1 6
1 4
39 12 11
4 1
1 148
100 1
1 78 97 149 54 150 151
16
16
1
1
1
1
1
1
1
1
1
1
1
1
1
1
1
64
5
64 18
1
79
79
64
1
1
19
64
64
1
1
1
1
53
152
11
11
1 129 153 154 155
1 129 153 154 155 154 155 156
1
1
1
84
1
1
1
1
1
1
18
14 132
132 14
36
36
23
23
33
1
41
1
62
62
62
9
1
110
1
1
6 1
62
1
1 19 1
1
1
140
18
1
157 1
119
1
1
1
1
13
1
14
62
1
1
1
37
37
37
158
33
158
138
158
37
62
62
1
11
11
16
1
1
1
1
1
11
159 16
1
12
11
11
11
11
11
11
123 121
12
1
1
16 160
16
16
107 16
1 18
1
12 11
11 1
1
11 1
1
5
26
11
1
1
16
16 14
1
16
1
7
1
1
161 1
1
1
162 96 1 96
1 96 162
1 19 7 96 161
163 1
83 1
1
1
1
12
1
39
1
9
13
104 140
44
16
44
1
11
11
41
7
37
18 1
1
1
1
44
16
64 1
1
1
1
9
1
1
16
16
84
84
1
1
11
11
11
1
1 18 52
1
1
1
1
1
14
1
13
14
1
1
1 51
1
1
16
16
16
1
11
1
12
12
1
1
1
1
1
128
9
1
1
18
1
1
1
9
1
38 164 1 165 1 64
1 64 1
1
1 166 164
32
1
11
19
1
1 19
1
18 1
1
1 167
39
39
39
39
39
11
1
11
1
1
1
16
16
7
1
1
11
62
18
18
1
1
1
12
9
39
1
1
1
111
79
132
16
1
1
18 1
18
1
1
1
1 64
1 64
1
7 1
1
1
13
64
1
23
23
23
18
23
1
1
16
16
1
1
14
1
1
11
11
1
1
16
1
1
1
14
119
1
39
14
1 64
23
1
1 18 168
1
1
11
11
1
11
11
11
12
1
39
1
130
1
1
5
16
1
1 51 29
7
1
83
1
1 18
1
1 51
1
1
1
1
1
1
7
1
68
23
64
169 1
1
1
1
16
16
1
1
1
1
7 120
120 7
7
23
13
100 1
167 1 170 171 149 30 172
1
1
1
1
23
23
23
23
23
23
1
83
23
14 16
75
1 120
1
1
13
1 18
1
1
14
1
1
11
1
1
1
1
1
16 107
1
1
19 1
1
14
14
39
1
11
11
78
1
83
7
11
11 12
6 119
1
5 14
11
119
42
12
1
11
1
1
1
1 18
1
1
12
1
11
11
45
45 152
44
11
11
11
1 173
26
1
1
83
14
1
1
19
1
1
74
32
75
18
107 44
1 174
1
68 83
1
1
1
1
18 1
1
1 100 175
1 176 55
11
11
1
1
11
1
11
11 1
1
1
1
11
11
11
11
11
1
1
1
13
1
11
11
118
118
33
33
1
177
1
1
105
1
1
1
1
1
1
19 1
1
1
1
1
1
1
1
1
1
1
1
61
7 1 14
11
1
1
11
11
178
179 11 180 30 11
1
14
1
11
11
1
16
16
11
11
11
137 14
11
44 94
1
5
116 64 122 1 113
6
108 1
65
14
11
1
14
1
1
1
18
1
1
1
89 18
11
1
16
16
52 181 182 11 39 4
1
104
39
64 1
18
1
1
1
42
1
18
18
19
1
1
11
11 116
11
11
1
1
1
1
39
1
1
1
1
1
1
1
1
1
1
1
1
1
1
1
1
1
14
1
1
1
1
1 84 4
15
36
1
11
1
1
5 183 184
44
1 44
105
185 83
1
1
10
1
186
1
1
11 187 30 122
18
1 18
1
105
1
18 106
18
23
1
1
1
1
14
1
13
83
140
11
1
26
11
41 1 7 55
1 7 55
4 1
37
1
1
1 78 188 189
45 23 45
45
1 18
1
7
16
18
1
1
1
1
1
1
9
33
11
14
1
27
21
18
1
1
1
1
1
1
1
1
1 19
1
1
1
1
1
1
1
1
1
1
1
1
1
1
1
11
11 190
11
11
11
11
1
23
23
191 18
1
1
1
1
1
1
1 18
1
1
1
1
1
12
23
11
1
1 78
1
1
39
18 1
132
1
1
132
1
1
1
1
1
1 120
1
105
1
1
11
11
11
1
1
1
104 74
62 152
62
11
11
11
11 116
11 116 192
11
11
11
1 50
11
11
11
11
11
11
11
11
11
11
11
11
11
11
11
11
11
11
11
12
11
11
11
11
1 18
11
11
44 107
119
1
1
26
26
1
42 46
104
18
7
1
1
1
1 61
78 37 1
1
1 64
1 19
19 1
1
1
1
1
1
1
1
1
1
1
1
16
1 9
50 1
63
1
1
1
1
1
7
1
193 16
1
83 194
64
1
1
18 1
1
1
1
1
1 96
1
1
1
1
11
11
11
1 18
1
1
1
1
1
11
1
1
1
1
1
1
16
18
11
7
1 18 35
1
12 39
16
83
101 7 101
7
1
14
11
2
1
1
1
1
128
128
16
1
1
18
1
1
1
1 18
1
23
23
11
1
1
1
23
23
18
18
18
18
18
11
1
1
1 14
1 14
1
1
14
1
101
101 11
11 12
11 12 11
12 11
68
1
1
1
1
105
1
1
1
1
1
1
1
1
1
1
1
14
14
1
1
33 32 33
33
1 195 196 197 198 52 96
1
1
1
1
1
1
1
1
1
199 61
11
11
16
11
5
16
1
18
11
53 123
11
11
11
11
11
11
11
11
11
11
1 18
11
11
12
11
14
1
1
1
1
1
1
1
1
1 44
1
1
1
1
1
1
107 14
39 11
122 11 44 1
1
1
1
1
1
1 200
68 1
1
1
1 100
1
1
9
1
1
1
1
7
1
1 201 202
1
1
1
1
18 83
13
1 18
203 46 204
1
1
84
205 1 96
1
23
1 13 111 138
1
1 84 23 84 1
1
1
9
11
1
1
1
13
1 19
1 206
1
1 170
1 207
1
14
14
1
50 83
1
1
98 12
1 116
1
1
1
1
1
1
1
1 19
1
1
1
1
11
1
18
7
13
37
37
208
37
37
37
37
33
32
1
1
1
1
18
14
209 14
1
1
1
1
1
1
1
1
1
1
1
16
1
1
1
39
1
11
1
1
41
1
1
1 113
1
1
1
1
1
1
11
1
14
1
11
18
1
1 210 211 210
1
1
1
1
1
1 129
1
74
11
11
9
1
1
11
11 39
1
1
1
12
45 23 37
37
18
1
1
1
1
11
1
1
1 19
1
105
101
11
1
1
42
1
1
13
83
212 140
13
15
79 13
13
13
15
13
1
1
174 1
11 213 174 89
1
1
1 18
1
14
69 11
69 11 12
12
1
1
1
1
61
16
7
11
11
13
16
12
1 214
18
18 215
12
11
1
23
23
123
1
11
1
1
1
44 1
1
18 64
1
1
1
18
1
1
1
1
1
1
1
1
1
1
15
1
14
1
1
1
1
11
13
118
71
1
1
19 1
1
1
11
1
1
1
16
105
1
2
1
14
11
1
1
1
33 216
14
1
1
1 39 75 11
1
1 43
1
1
1
33
195 1
35 217 1 52
122 11
75
1 218 219 108 100 127
1
1
1
1
1
1
1
1
123
1
16
16
16
16
39
1
1
1
1 64
1
1
1
11
1 18 19 44
5
12
1
1
16
16
111
102
1
1
1
1
1
11
136
1
1 18
1 4 220 221
1
1
1
1
1
14
1
1
1
7
1
1
104
1
13
79
118
118
1
84
1
1
1
1
1
1
1
1
4 1
4 1
1
1
1
1
18 7
16
16
1
83
83
108 83
1
4 1
1
1
18
1 19
39
39
1
1
12
12
1
1
1
1
11
1
1
42
1
1
1
1
157
157
157
54 1
1
1
105
1
72
1
222 34 194 33
7
101 14
1
1 50
62
18 1
83
1
19
14
223
223
223
16
16 14
14
14
14
14
14
14
14
14
14
14
14
14
14
14
82 14
16
14 107
14
14
14
14
14
14
14
2
130
79 212
128
16
15
9
83
1
11
2
9
204 46
204 42
1
118
3
1
45
1
1
1
1
1
1 18 1
11 224
13
1
1
1
9
39
39
11
1
1
1
1
79
1
1
16
1
1
1
1
1 225
1
1
1
1
1
1
18 1 83
1
1
53
123
16
1
13
1 83
4 1
1
1
27
39
18 1
1
9
9
9
1
42
12
75
39
12
18 1
1
1
1
1
41 104
104
11
17 4
16
16
1
39
102 1
1
18
33 34
33
11
1
1
11
1
1
16
1
1
1
1
1
19
11
1
1
3
13
16
1
18
1
1
4 44
1
1
1
1
1
1
1
1
9
14
1 226 107
1
1
1
1
18
1 39 227 1 64
1 64
1
1
1
1
1
61 1
11
11
1 18 1
1
1
62
1
1
7
42 105 1
14
74
45
1
1
18
18
1 18
1
1
1
1
1
1
14 107
1
1 7
1
1 19
1 18
1
1
26
62
1
1
228 1 50 4
13
1
1
1
1
19 1
1
1
1
1
1
1
1
1
1
1
1
1
1
1
11
11
11
1
1
1
19
1
1
1
1
1
229
229
229
229
1
1
1
6
1
1
1
1
79
79
1
1
11
1
1
1
46 42
18
18
1
1
1
1
1
101 1
7
1
14
1
1
33
33
33
41 119
119
1
11
11
11
33
18
1
1
1
11
11
11
11
11
35 1
1 230
1
1
11
1
44
1
1
18
18
83
11
1
1
118 13 105 1
84 17
11
1
1 7
1
1
1
1
11
1
14
7 1
16
16
62
11
1
1 18
11
1
12
1
11
45 23
1
1
1
1
1
12
1
14
12
11
84
37
37
37
37
37
37
37
37
33
1
26
26
26
26
26
26
26
26
26
26
26
26
1 26
26
26
26
26
26
26
1
11
18
1
1
1
39
1
39
1
32
1
1 18 1
1
1
1 64
1
1
1
1
6 1
39
39
19 7
1
1
11
1 50
114 11 30 1
1
1
32
1
13
1
1
11
1
1
1
1
12
1
1
1
1
1
1
35 137
14
18
1
1
16
107 16
11
11
18 1
1
7
1
1
1
1
1
44
5
16
11
18
11
12
7
1 18 1
41
1
11
231 223
223
1
1 6
16
16
64 1
1
1 64
105
1
41
1
1
1
105 72 177
104 83
1
16
140
18
1
1
1 183
16
12 122 121
1
1
1
1
21
1
1
140
45
1 7 41
1
1 19
1
33
1
18
9
16
4 11 30 44
18
19 1
1
16
16
1
18
1
18
18
52 1 6
1
1
23
1
1 11 62 39 1 157 2 19
39 1 157 2 19 1 100 18
1
1 18 1 65 41 43
1 65 41 43 1 105
1 105 1
1 18
1 18 43 41 50 1
43 41 50 1 50
39 62
1
18
1
41
1
1
1
16
1
83
1
1
1
39
1
1
1
1
1
1
1
1
1
1
1
1
1
1
1
1
1
1
1
1
1
1
1 6
1
1
1
1
1
1
1
1
6
1
14
1
1
1
101
101
12
11
1
83
1
18
18
1
12
44
13
123
53 11
1
1
1
27
27
27
120 61
9 27
27
27 120
78
27
27 120
120
27
1
1
1
1
1
11
1
14
41
1
12
12
1
1
1
1
33
11
11
7
11
18 1
223
36
1
1
1
16
1
1
16
16
16
14
16
62
11
11
37
1
1
1
39
11
1
5
1
28
1
1
105 80
16
7 1
1
11
1
1 52
11
1
1
1
11
1
1
11 86
18
39 12 11
1
1
1
1
18
43
45
39
39
18 1
1
14
1
229
1
1
1
1 129
1
16
11
11
12
1
1
2
1
1
12
1
1
16
23
1
1
1
11
16
18
1
46
19 1
1
1
1
11
16
1
9
37
1
101 63 79 41 63
1
14
18
11
11
11
11
11
11
1
1 74
1
5
1
1 41
1
1
1
1
64
1
1
1 13
1
32
1 41
32
32
32
32
33
32
32
11
116 1
18 1
39
39
83
1
11
11
11
19
232 233 234 7
1
21
1
1
1 58
1
16
1
1
1
11
11
12
12
12
16
11
11
1
1 105 44 149 235 122 95 113 89 160 129 228 236 51 100
33
50 12
1
1
1
1
62
23
1
1
18
1 19
18
63
237
16
16
1
1
1
11
14
44
14
1
45
62
1
43 104
43
120
1
1
1
64 1
1
78 1
64
1
1 64 78
1 74 64
1
64
64
78
43
43
43
78 1
64
1
1
43
1
1
11
11
14
1
14
16
16
15
1 18 64
24
11
7 41
1
18
102
7
1
11
18
1
84
19 1
7
9
1
1
9
9
223
1
18
1
1
132
12
18
64 1
1
39
18
5
5
1
1
62
43
43 1
1
42
1
1
1
1
1
1
68
65
1
84
84
84
84
13
14
14
18 1
1
1
1
1
35
1
1
1
1 11 30 107 14
11
1
1
1
18 1
5
9 1
1
62
41
14 5
5
37 28
37
28
126
62
12
238
130
16 5 14
126 46
39
39
39
62
11
11
11
1
1
1
1
14
14
18
44
1
14
14
16
16
11
11
11
11
11
108 11
11
11
11
11
11
11
11
11
11
11
11
11
105
11
11
1
1
1
1
1
1
1
1
1
50 1
1
1
1
18
119
37
1
11
11
1
1
100 9 239
1 18
1
1
1
80
14
158
158
74
16
14
1
118 79 118
79 118 79 118
1
1
1
1
1
1
1 113
1
1
1
1
1
1
1
1
101
1
14
1
1 4 240
1
1 6 1
20
1
1
18
52 1
64 1
11
1
1
18
1
52 1
1 52
1
1
1
1
33
1
1
241 44 242
1
1
229
18 1
1
1
1
1
1
1
6
1
43
1
1
1
11
123
1
1 65
1 6 18
1
11
101
32
1
37
33
33
33
33
216 33
1
33
33
33
33
33
33 13
33
33
33
14
33
12 39
39 13 107
13 107 243
13
13
13
13
13
33
33
13 96 134 244
13
13
33
33
33 32
33
39 32
33
33
33
15
33
33
33
1
1
39
75
33
33
33
13
33
33
62
7
1
79
18
1
1
1
11 30 39
1
1
45
23
1
11
1
1
1
4 11
12
12
1
12
12
1
1
62
26
26
1
16
16
16
1
1
23
1
1
11
245 1
12
1
1 25
42
42
14
16 5
14
39
39
1
1
1
1
1
1
11
11
14
11
11
11
11
11
1
7
1
18
1 18
14
1 246
1
33
37
1
1
14
14
1
27
1
1
1
1
120
1
13
1
1
18
1
1
16
16
5
5
32
9 42
42
1
18
1
14
1
1
1
1
64 1 108
1 100 108
18 1
1 18
18 1
18 1
18 1
41
1
1
1
1
18
1 116
11
1
1
11
11
14
1
1
1
102
18
15
1
1
37
37
41
1
18 1 6 64
1
1
84
1
1
1
16
16
7
1 96
1
1
42
42
1
14 1
1
1
1
1
1
1
1
1
1
18
1
19
1
1
1
1 14
16
83
1
1
1
14
14
1
1
1
1
1
18
18
1
2
1
18
1
1
1
1 7
1
229
229 36
229
229
229
1
1
5
44
1
1
1
18 1
16
1
1
1
1
14
104
104
1
1
1
14
5
5
16
16
11
11
52 1 247
1
1
110
110
1
1
16
16
11
1
12
1
12
12
1
1
1
1
11
11
11
11
1
1
1
1
1
1
11
1
1
43
11
44
1
1
1
1 7
1
1
1
1
1
1
1
1
1
23
107 14
1
11
13
1
1
61
11
1
41
1
1
17
1
12
12
1
1
25
1
11
64 1
1
1
9
11
104
104
1 64
1
1
17
17 37 17
17 60
1
1
11 4
1
1
1
1
18
1
11
1
1
18
13
1
1
1
1
1
95 11 39
1
16
16
1 64
1
1
39
1
1
1
1
1
1
1
137 14
1
1
1
1
1
1
17 60
1
1
1
1
1
1
1
1
1
1
13
75
1
1
1
1
1
1
1
16
17
17
1
1
1
19
1
64
13
1
11
1
1
39
18
18
18
7
1
1
1
1
1
1
1
18
14
1
61 89 113 116
101
101
1
1
1
248 1 150
1 150 54
17
14
11
11
1
13
1
1
1
11
1
2 1
118 14
118
1
1
1
1
6
1
18 11
11
12
208
1
1
2
208
208
1 130
208
1 99 13
1
1
1
1
18
1
138
23
23
23
62 39
23
1 6
1
1
1
1
1
1
1
1
152
249 43 1
11
12
1
1
16
18
18
18
18
18
18
14
1
250 33
18 1
18
1
1
1
1
237 5
19 1
1
1 4 52 116 251
13
14
83
1
12
116 12
12
12
18
16
1
1
1
14
14
16
1
1
18
1
252 132
1
18 6
6 1
1
11 30 44
44
16
1 51
1 51
1 120
1
1 51
1
1
99
1
1
44
1
1
1
1
11 12
1 19
62 39 9
14 107
1
25 71 2 43 1
158 37
46
253 42
18
1
1
26
11
18 1
18
62
62
1
1
1
62 12 11 1
1
1
1
1 19
1
69 1
83 1
254 1 22
1 19 52 207 113 207 113
1
1
1
39
1
1
64
1
1
1
1
1
1
1
1
1
1
1
64 1
44
1
1
11
1
1
1
1
12 122 207 89
1
11
15
126
126
33 157 33
1 30 64 6
74 43 1 6 42 255 8 108
11
11
1
16
37
1
18
1
39 11
1
39
1
9
1
1
1
11
11
1
18
39
39 44
1
1
18
1
10
11
1
1
9
9
9
9
9
9
9
9
9
1
11
1 18
14
1
1
1
1
1
1
1
1
1
18
1
1
11
123
123
123
11
1
1
1
1
1
5
11
11
11
1 18 1
18 1
1
120 1 39 52 113 30 116
1
1
84
84
84
14
1
18 1
1
1
1
1
1
1
13
1
1
100 1 54
1
140
18
18
1
1
120
1
64
1
1
1
1
64
1
1
1
1
64
1 96
19
7 256 257
256 257 258 7
7
1
1
1
1
12
16
1
1
1
1 18
18
1
1
16
16
1
28
1
12
83
1
18
18
18
1
1 18
13
1
1 113
18
1
16
1
1
1
18
1
1
1
1
39
1
18
1
44 11 1
1
1
1
1
78
1
1
1
1
11
14
1
83
18
19
11
14
39
1
1
104
1
1
6
1 100 50 30 259 260
1
1
1
1
1
1
1
1
11
9
9
1
9
84
111
14
14
32
23
23
23
1 4
1
18
18
1
18
1 7 18
1
1
39
1
1
1
1
1
1
1
1
18 1
1
111
1
35
1
18
1
1 42
1
1
1
1
41
1
13
1
64
1
26
26
1
1
1
1
1
44
5
1
1
1
1
1
17
1
1 68
1
1
1
1
1
1
14
11
1
11
11
11
1
1
1
45 62 45
45
36
15
101
1
11
11
12 39 62
140
140 74
39
12 39
84
1
83
7
1 129
1 39
23 1 23
69 261 7
1
44
132
19
132
262 11
18
1
9
1
11
1
1
1
1
1
1
1
15 1
1
1
1
18 1
18
44
23
1
11
126
126
1
13
13
13
1 6
18 94
7
64 19
1
41
1
1
14
14
123
1
1
1
1
7
1
1
1
1
16
16
16
39
1
1
1
11
79 26
1
17
17
39
17 33
28
14
14
1
12
11
1
1
223
23
1
62
11
11
14
11
1
1
1
1
1
33
96 14 134
78 1
12
11
14
1
62
62
1 18 19 7
1
11
16
16
16
1
16
16
16
16
1
1
16
1
1
19
1
1
1
15 229 13 36 33 34 263
62 39 75 11
39 75 11 16 13 215
37
45 1
15
13
1
46
110
23
5
264
1
64
1
1
1
1 64
1
101
53
53
53
53
53
23
79
62
229
1 4
9
18
23
1
265 1 18
18
1
266 11
1
1
1
11 56
39 11 62
19
1
1
1
18
18
1
132
19
1
46 203
118
1
1
1
1
1
16
1
1
17
7
17
35
152
1
1
1
1
18
1 25
14
1
1
36 263
1
1
1
1
1
1
1
1
1
1
1
1
1
1 6
1 6 1
1
1
1
62
1
39
1
11
123
1
41 65 1
1 64
1 64 1 64 120
120
1
1
1
1
1 64
1
61
43
1
1
1
1
1
1
63
1
1
18
1
1
1
1
1
1
1
6
79
43
13
1
1
1
1
33
1
1
1
78
1
1
1
1 18 1
18 1
1
1
237
14
237
14
1
1
1
1
1
7
7
1
1
64
1
7
1
1
1
1
83
1
11
64 1
26
1
1
16
11 13
39
95 11
1
80
80
11
1
1
1
1
1
1
1
1
1
13
13
1
1 195
1 100
1
1
1
14
1
33
33
33
33
33
1
1
1
1
1 18
1
12
1
1
1
23
1
1
1
1
1
1
1
14
14
43 1
11
11
1
68
1 68
68
11
1
1
11
1
1
83
12
11
11
1 73
1
17
1
1
250 1
1
1
1
1
18
50 1
1
26
16
16
26
26 27
1
1
1
1
1
1 18 1 11
1
1
18 1 64
6
1
1
1
1
11
12
83
1
19
1
64 1
83
267
23
23
11
1
1
1
1 107
64
1
1
1
1
64 1
83
1
11
7 1
1 64 6
1
1
1
1
1
18 1
1
1
1
18
1
1
53
33
1
138
138
1
1
1 25
1
39 11 30 116
11
1
1 19
18 1 61
1
1
1
1
1
1
1
13
1
84
1
1
64
37
37
208 37
37
37
37 33
37
37
37
37
3 7 1
1
1
1
1
1 118
1
64
1 64
52 182 52 247 1
182 52 247 1
64
64
247 19 52
37
37 208
1
1
1
1
1
1
1 6
1
1
1
64 61 128
61 128 37 208
37 208 1 64
1
79
33 32
79
79
79
69 268 69 79
208
37
37
79
79
1
37
37
1 64 1
64
1
1
1
1
14
18 83
35
1
35
1
1
1
1
16
16
1
42
1
16
16
16
16
16
14
1
1
1
1
1
1
1
1 78
123
1
16 14
1
1 61
16
16 5
1
1
18
11
11
1
41 83
9
13 15
84
105
1
1
1
1
1
1
1
118
63
13 9
11
7
9
1
1
1
27
1
1
1
1
1
62 75 39
62
13
11
1
1
1
23
1
53
111
18
72
11
6
14
14
14
14
14
14
14
14
16
7
14
14
18
1
21
94
14
1
18
1
11
1
1
16
45 158
1
64
64
1
1
1
19 1
19 1
32
16
1
62
71
1
1
16
39
18 1
1
1
1
16
1
83
1
1
1 64 1
18
18
16
39
39
1
1
1
1
1
65
1
1
1 64
1
108 18
35
44
39
94
94
94
94
94
94
94
1
94 1
12
14
11
11
39
1
1
1
1
5
15
15
1
1
11
9
16
1
1
14
1
1
118
1 18
1
269 18
269 18
6
64
14
39
39
1
1
11
1
96 1
1
1
1
23 45
1 23
9
1
1
1
1
7
1
1
62
18
1
1
1
1
42 100 8 108 83
4 194 33 270 271 272
45 55 273 274 62 240
45 30 11 12
1
275 12
1
1
1
1
107 14
18
1 239
1
1
7
64
1
18
18
18
1
1
11
11
11
62
14 137 56
86 11
119
1
11
1
1
1
1
1
1
1
1
19
1
44
8 9 50
44
19 1 83
9 83
44
44
276 9 100
4 17 83 44 35
1
252 39 277 30 278
64
11
11
1
1 42
1
1
1
63
63
63
1
1
1
5
1
1
1
11
16
25
14
14
14
84
84
101
1
1
1
39
1
1
1
1
1
14
14
6
45
11
11
1 64
15
1
1
14
1
1
6
1
1 6
105
46 47
1
11
14
44
107 14
1 18 1
1
1
9 108
18 7 1
41
104
41
41
138
84
1 254
1
1
1
1
18 80
11
14
1
1
1
1
1
1
1
1
1 7
71
1
5
5
64
1
11
18
1
1
1
1
1
11
1
1
110
83
11
18 1
11
11
1
37
1
1 89
1
1
1
116 89 1
1
1
14
14
2
2
1
79
1
11
1
11
1
1
1
1
11
1
1
1
33
39
27
1
42
26
11
1
1
1
1
11
1
1
1
1
1
1
1
1
1
1
1
1
18
18
18
1
11
11
11
79
1
9
42
13
11 37
44
16
16
1
9 108
16
14 82
9
9
11
1
1
1
1
1
11
1
1
1
1
84
1 107 279
30
1
101
64
1
1
11
1 18
1
1
1
1
16
1
1
1
64
64
1
1
1
11
11
1
1
1
1
39
11
18
1
1
1
1
13
1
37
45
1
44
1
18 1
140
1
1
39
11
39
136
1
1
1
11
1
18
13
16
84
1
1
1
1
1
11
11
140 74
1 100
280 14 281
11
1
9
1 62
1
1
44
1
1
1
16
16 44
1
1
1
1
45
1
1 282
12
11 39 45 1 6
1
1
1 11 30 116
1
1
1
11
1
1
1
13
1
1
4 39
11
83
1
1
2
74
1 7
16
16
79
1
1 18
1
7
16
16
16
15
15
44
1
1
1
11
1
1
11
1
101
14
11
1
62
1
1
19 1
152
152
152
1
1
1
1
1
1
1
1
1
1
1
1
1
1
1
152
1
1
12
1
1
11
39 23
1
18
1
1
1
12
12
11
11
11
1
1
46
14
13
13
1
13
1
18
1
11
12
1 120
12
63
1
11
11
11
1
1
42
54 1
1
18
1
1
1
16
44
83
19
62
37
1
1
64
53
101
74
101 83
13
11
41
41
101
1
14
1
1
105
1
1
1
1
1
1
1
11
105 1
1
15
15
1
1
1
1
1
1
1
1
1
1
1
1
1
1
1
1
1
1
1
1
1
1
1
1
1
1
1
1
1
1
1
1
1
1
1
1
1
1
1
1
1
1
1
1
1
1
1
1
1
18
18
130
83
283
1
9
16
11
18
18
11
11
11
11
11
11
11
11
11
11
11
11
1
11
18
18 1
1
11
9
11
14
39
1
1
1
1
39
41
18
16
16
1
27
27
1
1
39
1
19
37
17
1
1
72
1
1
1
79
79
1
11
1
61
14
16
16
1
62
1
14
1 172
11
11
11
11
11
11
11
11
11
11
11
11
1
1
1
1
1
1
1
284 1
1
1
6 1
1
79 119
18
1
9
1
1
1
14
1 207
16
105
16
13
1
12
45
1
101 27
1
1
1
1
35 62
13
16
10
10
42 1
1
1 285 265
110
10
10
1
1
1
1
1
9
9
1
1
1
16
12
16
1
11 1 55 286 195
12
11 12 11
1
1
1
1
1
1
1 107
1
1
1
1
1
16
16
1
1
1
1
1
1
1
75
83
44
68
14
9
1
1
94 72
14
14
14
14
14
14
14
14
14
212
16
16
83
14
6
111
83
9
26
26
26
26
26
26
18
18
74
1
37
74
11
1
12
12
12
1
1
1
1
1
1
1
1
11
11
1
1
1
11
1
18 1
204 42
1
1
23
23
1
28
11
14
23
20
11
11
11 287
62 39 45
45
1
1
45
39
45
45
45
8 83
9 83
1
45 39
83
83
83
45
101 41
17 45
18
1
18
1
1 18
44
1
11
12
1
16
1
1
1
1
1
1
1
1
1
26
1
1
1
1
1
1
18
16
83
74
27
1
7
1
18
1 19
1
1
1
1
1
11
1
1
11
1
1
1
1
1
1
1
1
1
1
1
42
42
44
1
1
1
23
45
45
23
23
23
23
23
17
23
75
1
1
14
12
1
1
17
6
1
1
1
140
1
1
11
14
1 100
1
62
11 1 11
1
1
107 13
1
1
1
1
1
1
1
1
1
1
1
6 1
1
1
15
16
1
14
13 1 29 57
13 34
13
288 67 7
44
13
1
11
1
7
1
252 51 57 1
11
11
16
11
11
1
23
23
5
1
1
1
1
1
1
1
16
1
1
23
23
23
126
1
1
1 51
18 1
79
14
62
16
39 11
89 1
1
11
1
11
1 83
11
1 19
1
11
26
26
1
1
45 62 23
1
1
18
1
13
1
21
21
37
33
37
11
6 1
1 18
1
1
1
1
11
9
9
1
11
1
4 1
46
14
14
14
11
11
18 1 245
1
1
1
1
1
1
1
1
50 1
1
1
1
1
11
1
1
68
68
110
267
5
5
1
1
1
41
1 125 57
13
11
7
7
13
13
11
18
1
1
19
1
1
1
1
15
15
15
15
1
1
1
1
1
1
7
1
132
1
263
1
27
18 1
1
1
1
1
1
108 83
1
11
1
1
1
182 52 7
1
1
35
11
14 107
23
84
11
1
1
1 6 8 108 100
1
17
84
102
18
18 19 1 108
16
11
1
1
16
12
14 289 207 290 11 30 75 83
1
5
5
14
14
1
1
1
1 19
37
1
64
44
1
16
43
43
37
37
37
1
1
1
14
14
11
44
11
1
14
14
1
1
14
1
11
12
11
1
1
1
1
1
44
44 39
1 18 1
63
12
101
101
1
9
101
39
1
1
104
104
104
1
1
1 42 11
14
14
1
1 50
1
1
1
1 44
1
64
1
1
1
1
118 15
1
1
1
42 46
100 18
7
1
1
1
1
1
1
1
62
62
1
1
1
1
1
43
11
11
16
1 18
1
1 64
6 1
11 89
1
1
45
11
1
1
1
11
7
152
1
83
1
11
1
1
1
1
23
1
18
1
18
1
1
1 7
1
11
11
16
16
16
1
16
33
18
18
18
18
1
18 1
14
18
35
1
23
44
44
44
1
1
23
39
1
1
11
11
11
11
1
37
1
1
1
1
31
1
1
1 55
1
1
1
1 65
44
1
1
1
1
62 39
11
1
1
83
12
1
1
11
1
1
28
1
14
11 30 1
1
11
1 9
1
1
1
1
18 1 18
18
11
11
291 1
1
18
1
18
7
7
7
1
1
1
64
1
26
26
62 39
1
1 4
1 4 55 1
1 292
1
1
1
1
293 1
1
11
62 1
12
12
1
1
1
39
11
16
12
11
1 18
1
1
1
1
1
1
1
1
1
1
19
1
1
1
37
37
1
1
39
1
1
1 50
7 1 100
1
1 149 294 97
1
1
1
1
1
1
1
1
1
1 4
1
1
43
1
15
1
1 6
1
1
1
17 60 4
27 1
7
9
1
1
1
1
1
1
11
1
1
1
1
1
1
14
1
42
19
11
11
11
11
12
14
1
1
1
126
126
9
13 15
13
1
18
42
1
1
1
116 11
105
1
1
1
1
32 33
33
1
11 39 12
1
1 120
18 1
1
23
1
1
12
12
1
42
11
1
1
1
1
1
1
1
1
18
1
1
1
36
1
1
1
1
1
1
1
1
1
94
39
237
11
9
11 95
1
60 4 1
1
1
1
1
14
1
1
1
1
1
45
45
39
23
39 12
1
17
1 18
1
1
1
1
1
23
23
5
5
16
1
1
1
1
1
1
1
1 8
1
1
123
11
1
138
4 37
5
16
5
1
1
1
1
39 50 62 45 228
1
11
1
1
295 46
1
1
18
1 18
1 11
1
1
1
15
1
1
1 18
1
1 30 11
1
12
105
1
123
53
1
1
11
74
74
1
1
14
1
104
1
11
68
83
101
126
126
1 101
41
26
1
44
9
1
1
11
1
1
1
1
1
1
1
1
18
1
14
14
1
1
16
14
16
101
1
1
1
1
1
1
18
74
1
1 19
11
1
1
18
23
23
11
11
11
1
1
1
1
1
11
1
296 1
1
1
1
62
5
5
1
1
1
18 1
23
23
23
16
104
1
1
1
1
164 1 297 228
1
1
14
14
39 11
1
1
1 298
14
42
1
16
64
1
1
1
1
1
1
1
1
11
1
9
1 6
18
1
223 119
11
5
1
16
1
1
16
14
1
1
11
11
1
1
1
1
1
50 1
1
1
14
1
1
51 1
1
1
1
1
11
1
71 119
78
1
1
1
14
39
1
1
18 1
13 1
1
13
71
2
71
16
1
1
18 1
1
1
44
44
44
15
1
1
75
1
1
11
11
39
11
1
1
15
15
6 61 1
11
16
16
16
1
11
1
1
1
1
19
51 1
1
1
17
53
1
1
1
64
1
11
11
11
11
1
79
1
79
39
39
9
1
96 1
1
1
1 195
54 1
1
96 1
1
12 116 4 113
1
1
1
13
1
46 42
42
42
42 126
126
126
42
42
1
1
7
15 20
20 1
1
1
1
1
1
6
1
42
1
1
1
1
1
100 106 1
6
11
1 21
39
1
1 18
1
18
1
1
11
1
18
1
11
18
18
104
1
1
64
1
1
1 29
1
64
41
104
104 1
1
1
104
1
1
1 78
4 1
16
16
12
78
1
1
1
18
1
1
16
1
1
11
46
1
1
23
1
1
1
1
16
1
1
1
1
1
104
104
104
1
61
16
1
1
1
1
1
1
1
1
1
42
1
1
1
1
5
223
26
71 26 1
26
26 78 1
11
18
1 6
1
1
1 52
1
130
1
1
128
13
11
1
1
39
1
1
1
41
33
37
11
84
1
1
33
1
1
21
11 62
7
23
23
32
11
11
1
1
1
11
1
1 18
16
16
1
299 300 1
1
1
5
1
119
83
119
119
1
19
140
140
140
1
1
11
1
1
1
14
1
18
1
114 11
43
140 74 140
140
140
1
1
130
1
16
84
33
1
14
267
1
14 167
1
11
1
1
1
1
64
1
1
65
1
105
1
1
1
1
1
1
1
1
1
1
1
1
1
1 11 30 301 302 245 303 304 305 306 307 96 308 253 96 30 134 245 1
1
1 253
1
1
1
1 18
64
32 83
19
12
1
1
1
12
11
1
18
18
18
18
18
18
16
11
1
1
1
5
5
1
1
11
1
11
45
45
1
39 45
1
39
45
1
1
1
1
1
120
16
1
42
14
1
44
1 228
1
128
1 18
105
1
62
62
62
62
62
27
42
19
19
18
1
1
1
1
74
1 18
1
1
1
1
64
1
1
1
1
1
1
1
1
11
37
37
37
37
84
1
1 18
1
1
74
11
1
72
1
1
15
15
53
1
157
1
1
13
13
79
13
140
1
1
1
1
1
1
1
1
23
263
100 1
1
1 83
309 14 310
1
5
79
33
1
79
79
1
1
1
1
194 34 1
1
11 12
11
11
1
1
1
1
5
5
39
33 28 33
1
237 5 237
5 237 35 1 41
79
13 108
11
11
11 1
101
1
1
79
79
1
1
1
64 294 1
89 116 113 11 62
1
18 1
16
16
26
26
39
39
1
1
1
1
1
1
152
14
25
11
14
18
11
1
39
62
39
1
33
1
1
1
13
13
16
79
16
16
1
50 1
1
1
1
18
12
45
1
16
16
11
63
2
128
79
1
43
1
1
1
1
1
11
11
1
12
11
1
11
1
1
1
1
1
1
1
1
1
17
1
1
1
1
1
1
6
1
1
1 18
1
11
1
74
140
140
140
140
140
11
110
62
6
5
1
1
84
1 18
1
26
26
84
33
11
1
18 1
1
2 10
14
1
1
1
1
68
108 68
116 52 1
41
1
1
1
1
1
1
11
1
18
18
17
17
100 1
1 6
14
14
14
1
1
74 140
1
14
14
35
14 107
14 30 245 311 227 312 313 314 107
14
14
14
1 107
14 1
14 55
14
14
315 14
1
1
1
14 1 107
1 107
1
1
42
1
1 18
18
1
1
1
1
1
12 39
44
12
1
62
62
1
62
1
1
39
1
18
11
1
1
1
1
11
43
18 1
1
1
13
9
83 19 1
1
1
1
1
1
14
11
9
1
1
1
1
1
1
1
1
1
1
1
1
123
35
1
1
11
1
1
1
1
1
1
18
18
18
1
64 1
1
1
1
123
123
1
1
1
1
1 19
28
1 4 240
137 14
1
62
1
1
1
16
16
7
18
1 6
14
137 14
1
1
1
1
1
27 140 27
104
1
1
1
1
1
1
1
11 45
1
1
12
42 12
12
79
14
14
14
14
14
14
14
14
11
83
16
1 11
1
16
1 120
83
1
14
18
11
11
1
1
1
1
1
11
11
14 149
1
1
1
1
1
1
1 53
1
1
1
1
1
11
1
1
1
1
1
1
1
1
1
1
1
5
1
1
1
1
1 11
1
1
14
14
1
1
1
1
1
1 18
1
1
116 18 30 113 92
1
23
1
1
1
1
1
1
14
1
11
11
1
1
1
15
15
79
1
44 132
1
123
123
1 18 1
1
12
1
1
27
27
1
1
15
1 18
1 18
1
14
12
105
105
1
1
16
14
1
18
18
18
18
1
18
18
64 1
45
1
14
9
108 9
1
9
9
18
1
11
11
1
83
1
1
11
1
39
1
1
1 18
1
14
11
43
1 7
1
1
1
1
16
1
64
1
1
33
1
1
1
1
1
1
1
1
1
1
18
1
1
1
1
1
1
18
12 54
1
239 1 50
18
1
11
75
20
39 62
1
14
1
41
1
1
32
14
1
1
1
1
1
1
1
1
1
1
1
83
1
1
11
11
1
1
39
39
123
53
12
12
1
11
4 1
1 316
1
1
11
1
1
1
11
11
1
1
1
9
26
1 116
1 116 89
1
1
13
1
1
44
14
23
44
14
14
14
1
1
15
11
1
1
1
1
1
1
1
1
14 107 1 50
1
1
68
11 12
47
7
1
16
16
1
1
1
1
74
74
1
1
1
1
16
1
1
74 140 43
16
16
11
226 317 14
16
14
1
1
61
31
44
11
1
64 1
26
26
26
1
1
1
158
28
18 1
18
1
1
1
18
11
11
1
14
18 1
11
63
64
1
1
12
12
12
12
1
1 12
1
1 18
16
1
1 78
18
1
13
11
1
83
1
1
13
1
11
1
