1
2
3 4
5
6
6
6
1
1 5
1
7
8
9
1 10
9
1
1
8
8
11
5 12
13 1 14
14 15 16
1 17 18
19 20 21 22 23 24
25 1
1
1
26
26
26
26
26
26
26
26
26
26
26
27 8
1
1
1 5
1
9
9
1
1
28 29 1
1
1
30 1
1
1
1
1
1
31 1 32
1 33 34
35 36 37
1
1
1
38 1
1
1 5
5
5
39
1
1
1
40
41
41
8
41
42
1
43 1 19
1
8
1
1
9
9
40
40
40
40
40
40
40
40
1 44
1
1
1
8
1
1
1
1
1
45 29
1
20
1
1
46
1
47
1
1
1
18 48
1
49
50
49
7
5
9
9
50
7
7
1
8
1
1
1
1
46
29
1
1
1
5
1
1
1
16
1
1 16
8
45
1
9
9
1
1
9
51
9
1
39
1
1
1
52 53 8
7 41
1
1
1
1
1
1
1
1
1
1
1
1
1
1
1
1
1
1
1
1
1
1
40
1
20
1
54 1
1 55 19
4
56
1
47
1
1
1
1
1
7
40
1
51
46 57
9
9
9
1
1
29
45
40
9
9
9
9
8
1
1
5 1
1
8
8
8
9
10 1
9
9
1
1
5 1
1
45
9
29
58
20
40 45
7 58
4
50
16 26 1 59
1
1
1
1
1
16
1
1
60
1
29
1
1
1
1
40
61
1
1
1
62 1
10 1
1
1
1
46 56 29
1
40
1
40
4
17 63 6
29
1
39 1
1
44
1
7
16
39 64 65
1
1
1
1
1
1
40
46
1
1
1
1
1
1
40 4 7
1
1
1
1
66
40
40
1
56
56
1
50
20
1
1
1
35
1
1 5
5
1 19 67 68 22 69 70 21
1 22
1
40
68 1
1
47 50
50
45
71 63
1
10 72 73 1
3
45
9
29
1
1 54
9
50
50
1
1
40
49
4
40
40
40
40
40
4
29
40
40
13 29
1
44
1
1
1
1
1
29
9
18 40
1
74
1
1
9
51
5
1
1
1
1
5
35
66
1
1
1
7
1
8
1
1
1
1
9
9
20
29
1
9 1 29 9 1
9
34 9
75 9
1
66
8
1
4
1
46
1
1
39
1
46
9
1
1
9
76 8
8
50
47 50
1
1
1
1
1
1
77
41
1
29
29
1
1
1 10 78
1
1 79 80
1
1
1
1
81
1
20
47
47
1
1
1
1
1 82
8
7
1
1
1
1
1
40
1
83 4 83
4 83
4
4 83
5
19 68 43 1
1
1
84
40
40
1
50 35
85 35
50
50
50
1
1
42
42
86
1
9
1
9
8
84
56
8
35 87
1
32
1
1
1 88
1
8
9
81
1
1
1
1
4
9
14
1
39
1
26
9
9
9
9
9
1
49
1
1
1 52
88 1
1
88 1 52
1
89 1 90
1
66
50
7
1
8
8
8
8
40
8
1
1
49
49
45
9
63
1 91
92
93
1
1
8
1
1
29
8
94 1
1
78 1 20
84
9
1 20
1
1
9
1
1
1
56
95
1
40
40
49
49
49
49
49
49
49
1
41
8
1
1
1
1
1
47
1
7
1
96
7
50
50
45
6
46
46
1
5
1
1
1
90
1
1
51
1
1
1
40
40
1
1
1
8
15 1
1
5
1
12
1
7
7
7
8
1
1
4
40
40
40
35
1
1
1
1
1 32
1 32 1
1 32
97 1
1 5
1
1
29
8
1
44
5
5
1
29
5 1
1
49
1
1
29
45 29 84
84
74
74
74
74
1
1
1
51
51
98
8
81
1
9
1
1
99
40
15
9
1
100
1
40
47
12
1
47
50
1
1
1
1
1
1
1
1
101 1
1
1
16
1
1
14
14
102 1
1
1
1
1
1
39
5 1
5
1
9
9
9
21 103 1 70 22 69
1
1 104 88
1 105 106
1 19
106 1
107 1
108 1
1 88
7
8
1
1
1
1
99
5
1
1
1
1
1
9
71
1
4
4
4
92 17
8
8
92
90
1
5
1
50
9 46
1
1
1
47
8
12
46
9
1
45
9
1
1
44
109
1
1
5 1
5 1
1
8
1
5
1
1
1
1
40
1 44
44
40
7
1
32
9
1
5
1
1
14
1 39
1
1
1 55 39
1
40
40
40
40
5
1
1
1
1
1
110
40
5
1
8
1
1
1
1
1
1 5
5
47
8
1
7 8 55 58
50
8
50
1
1
1
8
35
1
8
106 1
8 111
8
16
8
8
1
1
112 39
52 53 113 39
1
1
1
1
1 5 99
46
46
1
1 86
1
1
26
26
35
35
35
1
1
1
1 114
1
41
8
1
1
1
1
1
56 7
7 41 8
47
115 47 116
9
1
1
1
39
1
1
45 8 76
1
1
8
1
1
1
1
47
47
47
20
5
39 117
39
1
1
1
29
29 45
29
1
1 39
1
1
63
33
1
1
1
88 1
5 64 118
5 119 59
74
8
4
4
1
1
1
7
7 1
32
39
46
50
35
35
39
8
1
1
1
1
1
46
1
1
1
40
8
1
8
1
74
74
5
5
1
1
1
8
1 8
1
1
1
1
1
1
40
1
40
40
1
40
40
1
1
1 92 17 1 44
7
40
1
1
1
1
120
1
9
39
1
33 1
1
121
1
40
40
40
1
32
51
49
41
1
1
51
51
1
1
1
1
1
1
1
1
1
7
7
1
45 29
1
1
1
29
40
1
1
1
40
40
1
1 122
1
63
1
7
20 1
1
84
4
1
1
1
1
1
1
35
41
1
1 32
7
66
66
1 10 123
8
1
1 8
8
84
1
5
1
1
63
5 1
1
4
40
40
1
1
1
1
14
41
1
1
1
90
124
124
29
124
48
48
48
48
48
14
48 13
1
1
1
1
1
1
1
5
5
1
40
125 47
1 44
5
1
45
1
9
9
9
9
9
9
41
1
1
1
1
1
1
1 126
35
1
1
1
1
1
39
1
47
9
1
1
4
1
1
1
1
1
1
1
1
68 1
1
4
1
50 29 41 55 8
1
1
1
1
50 29 41
1
1
1
9
1
74
47
1 10
1
1
1
32
63
20
5
1
1
9
1
1
1
1
20
40
1
1 39
1
34
1
1
8
1
1
1
1
1 88
1 5 1
40
1
1
1
12
3
45
40
127
1
20
3
3
3
8
51 128
1
1
1
56
129
39 20
47
1
1
1
1
1
1
1
1
77
29 96
96
45
9
1
26
1
1
46
1
8
1
1
1
1
1
1
1
1
1 8
35
38 5
58
8 7
41
12
45
29
3
1
1
8
8
1
9
1
1
1
9
1 12
12
12
12
5
1
19 20
12
12
45
45
4 1
1
9
1
5 91
5 130 53
1
15
8
5
1
121
131
51
1
17
49
7
40 49
1
1
1
1
84
1
40
7
8
8
5
1
1
47
1
8 132
10 1
1
1
20
47
63
40
50 1 52
29
41
1
29
1
39
1
29
1
1
1
1
1
1
1
1
1
1
1
5
133 39 134 135 136
5
1 5
5
5
1
1
1 10
1 10
1 44
40
1
9
8
1
1
47
5
5
1
137
46
1
4
4
4
3
49 40
8
8
8
29
15
1 56
1
1
17
1
14
14
1
1
47
47
1
58
90
90
77
1
4
1
4
4
8
7
84
32
9
50
7
4
39
40
1
1
1
1
8
138
1
48
1
1
46
1 39
1 35
1
5
1
1
9
7
8
8
8
8
1
1
1
1
1 5
1 20
1
1
1
1
1
1
1
44
1
40
9
1
1
5
58
1
40
1
1
1
1
1
9
9
40
9
40
1
1
1
1
1
1
1
1
1
33 1 20
16 85 88 38 116
1 19 69 104
40
40
29
1
41
56
1
3
3
1
8
84
1
47
47
9
1
74
1
29
29
29
29
8
29
1 52
46
1
63
39
12
1
29 26 29
29
34
1
1
1
1
8 41
8
1
1 5
1 20
1
12 1
1
1
1
1
7
46
5
9
139 59 8
50
8
8
9
5
46
40
1
8
1 111
5
1
7
7
7
1
1
49
1
100
1
1
8
5 39
1
1
1
9
9
1
40 100
100
1 64
1 64 140 64
51 140
51
8
8
8
8
8
8
8
141
141
8 142
8
18
48
40
1
1 12
1
5
1
1
1
45
35
35
1
1
46
1
1
40
1
143 144 131
58
1
68 7
1
50
58
1
1
1
5
1 20 1
9
9
9
1
58
40
1
1
1 69
1 69 19 21
1
46
1
40
40
40
8
40
145
1 5
5 1
5
1
9
40
8
8
46
1
1 112
1
1
1
146
1
46
1
1
1
1
1
7
50
50
50
50
50
50
50
50
50
50
50
1
1
5
40
40
40
49
127
1
1
49
1
7
7
1 20
8
8
56
1
1
1
1
40
49
1
1
35
39
1
1
4
1
1
1 5
1
40
35
8
49
18
1
5
4
1
5
147
45
29
3
7
15
1 32 1 5
1 59
1
8
1
40
84
51
92
1
1
1
9
9
39
1
1 10 148
1
1
1
1 5
51
51
1
1
1
58
63
7
1
52 1
47
7
1
1
1
1
149 9
1
1
1
9
1
1
5
1
5
46
58
1
50
1
1
1
146 4
1
1
1
84
74
51 74 51 131
1
45
1
3
6
1
1
1
1
43 19 1
1
1
1
14
41
1
8
111 8
20
1
1
1
1
81
8
9
8
8
8
41
7
58
58 7
7
1
1
1
1
1
1
40
40
84
8 76
4
4
1
1
9
9
9
50
1
9 45
1
150
1
84
1
1
2
9
20
9
9
1
45
1
29
1
4
1
35
1
1
1
50 35
1
4
1 20
8
8
1
51
51
5
5
1
4
1
39
1
1
5
20
1
1
1
1
1
7
7
7
1 25
1
1
1
1
1
1 88 38 151
1
8
9
1
1
32
8
5
1
9
1
151 1
1
1
63
4
29
45 7 29
8
1
1
1
1
122
1
1
1
50
5
1
1
8
124
1
14
1
5
1
39
4
1
1
1
1
1
1
5
1
1
1
1
1
1
1
1 20 12
1
4
1 5
1
1
1
32 1
1
1
1 20 87 152
29
1
74
74
74 47
47
153
9
9
9
40
1
63
1
14
41
1
8
124
45
1
1
1
1
1
1
1
154
9
56
56
1
1
1
1
1
1
1
41
1 44 88 155 88
1 59
49
1
40
1
1
1
1
1
156
156
1
1
1
1
1
1
1
1
1
1
1
8
8
8
1
40
40
40
51
51
1
1
1
8
1
150 50
54 4
8
1
20 1
1
1
50
46
50
8
8
5
5
5
122 5
5
5
5
5
1
1
1
9
1
99
10 5 114 53 52
1
1
9
46
46
46
58 46
58 7 46
46
9
9
157
9
1
1
1
16 32 1
48
1
1
1
9
9
17
5
50
50
1
1
1
29
1
1
1
81
1
1
1
1
1
1
39 1
8
1
1
46
58 47
47
50
1
8
8
39
40
8
1
1
39
5
138
5
1 158
1
45
1
8
1
9
9 29
1
1
5
1
1
47
116 1
47
47
47
1
1
56
8
1
1
1
1
1
1
1
1
1
1
1
1
1
1
1
1
1
1
8
1
47
9
9
4
1
1
41
8
8
45
5 1
17
1
66
5
45
45
18
147
1 5 159
1
74
74
74
1 160
8
1
1
1 5
1
1
1 54 13
1
1
1
1
1
40
20
1
1
40
49
1
1
1
1
1
1
1
1
40
1 161
1
1
32
40
1
1
150 116
58 7
150
116 162 47
1
1
1
1
1
1
47
1
12
1
1
5
40
1
1
63
63
84
8
163 68 164 107 165 77 14 29
20
1
1
4
1
1
1
1
1
1
40
1 5
1 20
1
40
1
8
1
8
50 138
29 166
9
63
1
1
45
1
1
1
1
1
1
1
1
1
40 1
1
40
1
1
40
40
40
40 4
4
40
1
1
1
60
3 9
50
1
50
45
1
29
1
1
1
5 1
29
84
29
41 8
8 41
32
111 1
1
1
4
1
1
1
50
1
52 1
1
8
40
1
7
9
9
1
20
9
50
50
7
52 1
1
49
1 83
122
5
29
1
1
1
1
1
1
18
18
14
33
18 29
18
18
1
40
1
1
1
1
1 71
14 63
1
1
1
40
34
1 12
84
1 167
1
40
40
1
1
104 39 106
40
168 169 170 171 172 173 174 175 176 177 178 179 180 181 182 183 184 185 5
5 54 186 31 39
51
9 127
1 52
1
4
4
4
40
5 1
41
187 188 68 187 71
47
1
1
1
1
1
5
40
1
8
40
84
1
138 85
1
1
1
12
1
16
9
1
1
4
4
61 58 8
58 7
4
40
49
1
45
45
112 189 112 5
1 39 112
1
1
1
1
5
190
190
1
1
63
5
1
29
8
1
1
1
1
1
9
39 191 192 193 194
40
1
1
1
1
1
5
1
8
40
9
40
49
40
40
40
1
1
1
40
40
40
40
40
1
29
1
4
4
8 1
49
63 17
17 146 14 146 17
14 146 17 63 146 14 6
146 14
14
14 63
146
146
146 14
153 14
14 17
146
14
63
1
1
1
1
39
1
1
1
8
1
1
8
110
195
110
35
29
29
40
84
86
1
1
1
1
1
1
12 1 5
35
1
5
5
1
5
1
1
1 5
51
74
8
8
20 1 55 59 10 53 72 52
16 1
16
5
1
1
1
1
32
20
32
32
32 16
5
63 1
1
1
16 1
1
1
8 81
5 196 197
81
81
1
1
1
198 8
1
1
39 112 1
40
9
1
5
8
8
1
1
1
1
1
9
4
1
40
1
199 1
1
8
9
9
1 200
40
40
40
40
40
40
40
40
40
40
40
40
40
40
1 5
40
40
1
49
49
1
1
1
1
1
1
5 1
14
201
17
202
1
4
40
40
40
40
40
40
40
49
40
1
1
8
1 32
1
8
8
1
1
56
56
56
41
1
84
84
9
8
32
32
1
9
1
17
1 32
1
84
1
1
7
46
9
9
9
40
35
202
35
5 1
29
29
9
71
1
1 59
1 20
1
1
1
203 5
25 127
1
8
1
1
1
1
1
81
52 113 204 130 205 91 90 52 53 113
1
1
1
29
40
8
1
8
1
1
1
1
51
40
47
1 5 20
1
50 150
1
1
5
58
5
5
5
5
1 32
1
48
1
40
1
1
1
1
46
1
84 49 4
40
40
49
49
49
49
49
49
49
29
42 50
45
1
1
10 8
5
40
40
40
40
29
29
29
29
1
9
9
9
71
1
1
88 1
1
1
49
40
96
3 95
1
84
1 5
17
1
1
1 206 207 53 59 54
40
7
7
7
7
46
4
1
208
1
1
139 142 7 209 59 55 210
12 1
1
1
1
1
1
1
1
1
1
1 211 212
1
1
1
1
9
9
1
9
29
41
1
1
1
1
39 5
1
5
5
5
1
49
40
50
1
1
1 19
1
1
1
1
46
58
58
58
7
7
7
58 7 58
58
7
40
1
1
1
5
5
1
1
1
1
1
1
1
41
1
1
16
1
16
20
39 54
41
1 146
146
146
1
1
1
146
25 40 1
1
1
1
40
1
40
1
41
44
1
1
5 1
1
8
8
5
1
20
20 213
20 213 214 215 216 217 218
1
40
1
1
9
9
9
9 26
9
9
9
9
9
9
9
46
46
46
1
8
99
1
1
1
8
8
219 8
220 8
8
8
1
1 5
1
1
1
4
4
4
4
58
4
1
39
51
1
221 1
41
1
1
1
29
1 39
8
1
1
1
35
1
1 53
10 1
44
1
1
1
1 208
1
1
1 20 5
9
84
1
79 1 222
1 222
1
1
1
1
5
20 1 39 1
1
1
5
1
29
1
1
1
5 53
122
122 1
1
1
45
96
1
1
1 223
1
1
1
71
5 224
1
1
1
51
1
1
1
1
72 1
225 1 226
1
227 1
1 39
1
5
1
1
1
1
1
20
1
120 228
35 219 120 229 36 228
1
1
1
1
1
1
1
1
40
56
29
1
50
1
1
1
1
1
40
5
1
1
1
7
1
1
1
40
1
1
1
116 51
63
1
1
5
1
1
1
1
1
1
45
26
1 20
1
5
1
1
4
1
1
49
1
35
35
35
1
1
1
1
1
3
1
1
1
1
20
9
9
1
1
29
1
39
4
63 1 63
1 63 1
63
1 63
1
8
1
1
1
9
47
1
1
90
1
1
1
1
40
50
7
7
7
58
58 61 8
40
49
1
40
1 5
1
9
59 111 1
1
230 231 47 232
84
137
9
40
26
7
7
4
4
1
1
48
1 110
1
9
141
90
90
71
6
201
41
1
1
90
8
1
51
51
51
51
51
51
51
129
3
40
1
35
15
35
8
7
58 7
5 1
29
1
1
20
20
1
1
1
6
6
6
6
6
29
9
9
9
9
9
9
1
50
50
47
1
1
1
1
1
1
1
1
1
1
1
1
1
1
5
86 1
1
81
3
1
1
9
1
1
58 1
1
1
1
1
1
9
1
1
60
4
154
4 3
49
49
49
154
1
14
1
150 58
58
40
40
7
8
9
1
147
40
40
49
49
40
40
1 19
5
1
1
86
40
8
9
1
1
71
1
47
1
1
40
40
40
1
4
1
29 8
52 1 19 68 70 43
1
39
39
1
20
1
74
47
74
74
1
1
1
1
1
1
1
1
1
5
5
1
1
1 112
1
8
233
1
1
1
1
63
113 1
32
1
1
1 111 234 19 112 64 59 198 105
1
1 167
112 5 235
1
1
40
5
44
120
35
39
29
26
236 5
29
29 84
29
29
29
45
29
29
124
29
26
8
1 10 19
5
9
8
8
1
1
1
66
1
1 59 79 235
1
1
35
9
1
41 46 9
8 1
1
71
1
45
35
35
1
9
1
29
40
84
29
29
1
84
5
1
1
5
42
146
8
1
1
47
1
40
84
1
1
1
1
50
93
41
58
58
58
46
1
1
1
1
1
1
1
40
1
9
1
50
1
1
41
7
1
1
1
1
51
51 58 51
51
29
29
40
4
4
40
40
40
1
4
1
1
1
1
7
1
7 56 7
7 56
1
1
40
1
1
1
40
40
1
1
10 237 238 239
41 8
8
8
46 50
40
4
1
1 240 241
90
1
1
8
8
1
58
1
51
29
1 44
45
1
1
1
1
1
1 86
4
4
4
242 85 1
1
1
7 50
47 50
1
41
1
53 1
1
1
1 53 19
90
1 243 43 19 70 68 22 69
1
20
46
5
5
20
32
1
1
1
1
1
1
1
1
1
1
1
1
9
58 56 42
42
244 1
1
1 19
1
1
1
112 1 8 5
39
205 90
81
1
1
1
40
1
1
7
29
45
29
1
1
58 61
8
1
86
11
202
92
1
32
1
29 245
129
1
1
9
1 20
45
1
29
1
8
1
1
1
1
74
1 88
39 72 246
40
1
9
47
7
1
1
45
58 56
1
1
1
1
1
39
9
9
9
1
29
1 5
5
5
122 1
1
1
1 5 1
1
9
1
1
40
40
40
40
41
1
1
1
1
1
8
45
66
1 88
40
1
121
1
1
1
1
1
1
1
5
