1
2
3
2
2
2
2
4 5 2
6
2 7
2
8
9
1
2
2
2 10 11 12 4
13 14
2
11 15
16
9 17
18
2
2
19
2
19 1
2
19 3 2
19
2
1 2
2
2
2 20
21
3
2
22 2
2
2
2
2 16
2
2
2 12
2 23 24 25
26 27 28 29
2
5 4 30 31 32 2
2
2
2
2
33 34 2 35
36 19 37 2
38 39
40 41 42
2
2
2
2
2 3
2
3
2
43
43
2
2
2 44
2
45
45
2
2
46
47 48
1
49
2 50
51 19
3
3
3
2 49
2
2
2
2
16
2
2
44 52 53
2
54 55 56 57 58 59 60 61 62 63 64
42
2
2
2 9
65
2 66
2
2
2
2
3
2
2
19
2
2
67 3
2
68
2
2
69
2
2
9 16
2 9
16
16 44
2 16 2
16 49 70
16 49 70 9
16
44 16
16
16 2 69
2
2
2
42
3
3
2
2 71 67
2
2
2
2
2 72
2
69
2
2
2 20
2
2
5 67 2
5 67 2
2
2
9
18
18
2 73 74 75 55 76 77 78 79 80 81 82 83 84 85 86 87 88 89 90 91 92
73
13 2 55
2 93 55 2
55 2 73 55 2
73 55 2 55
55
55
55
19 43 19
43 19 55
55
3
2
2
94
15
2
37
2
2
2
2
2
2
2
67 5 30 95 96 97 98 2
3
2
2
2 44 9 2 20
2
2
2
2
2
2
99 19
43
2 100
2
2
2
2
2
2
2
2
2
101 2
2
2
2 44
2
2
2
5 76 2 57
2
2
2
2
2
2
2
2
2
44
102
103
103
103
103
2
2
2
3
2
2
9
20
2
2
104
104
2
2
2
67 5 105 2 106 63
2
2 20 9
2
102
102
107 108 5 2
2 16 2
43
2
43
3
2 9
2
2
109
14
68
110 69
69 111
2
41 2
2
3 2
2
15
2
2
2
20 2
5 30 2
2 1 2
1 2
2
2
46 3 43
3
2
2
101
2
2
2
2
2
2
2
3
2
2
2
2
11 2
2 9
9 2
3 2
65 104 2
1
2
2
1
2
2
3
3
3
3
2
20 2
2
2
112
112
2
44
2 13
2
2
2
104
2
37
113 103 113
37
37
37
2
103
3
2 3 43 99
2
2
2
65
65
2
2
2
2
114 2 115 79 116 117 118 119 120 84 121
3
2
2
2
2
122 2
2
2
2
2
2
43
123 2 25
2
2
2 23 13
2
2
2
2 20 124 125 5 76 30 126 4 127
9
2
2
2
3
2
2
3
2
2
44
2
23 2
2
2
9 12
12 128
128 12
128 12
2
2
2
2
129
2
38 2
2
130
130
5 76 2 126
2
2
2
3
3
2
2
2
9 2
2
93
94 131
3
2
18
2
2
2
3
2 132
111 15
111 15 2
2 20 2
15 133 134
2 45
2 45
2 135
2
2
1 2 1
2
2 9 136
2
2
137
2 44 138
3
2
2
2
2
2
2
2
2
2 5
131 2
2
2
2
2 44
2
2
2 131
2
2
3
2
3
5 2
2
2
2
133 139 140 133 141 2 44
3
2
2
15
2
2
2
2
2
142
142
2 5
63 2
103
2
2
2
2 5 108 11
2
2
2
2
2
2
2
2
2 11
70 16 2
44
2
2
2 143
2
2 19
2 13
2 144 5 145 41 146 147 148 149 150 151 74 152 153 41 147 154 155 124 156 22 144 11 150 149 115 99 134
19 3
21
3 157 38
2
2
2
5 2 13
2 41 131
2 41 13 131
2
2
13 158 13 115 159 2
2
2
2
2 41
13 159 2
2
2 41
2
2
2
30 2
2
2
16
2 108
2
2
2
2 20
160 9
2
2
2
2
2
2
2
2
2
2
131 40 43
3 161 131
2
2
2
2
2
2
2
2
2
2
2
2
2
2
3
44
2
44
3
2
3
3
48
2
2
2
2
131 2 93
2
44 124
2
2
12 2
2
1
2
2
2
2
2
2
2
2
2
2
2
2
2
2
2
103
2
2
162 1
1
93 22 147 163
164
44
44
44
131 2
131 2
44
44
165 2 9
44
2 166
44
2
2 112
2
2
22 167 2
2
2 101
2
2
2
2
2
2
2
9 2
2 20 2
112 168
112
164 112
112
112
2
2
2
69
72 152 2
44
101 112 169
2
2
2 1 170 171 172
2
173 174 3
3
2
2
3
3
2
2
2
2
20
2
2
44
2
18
3
2
2
2
2
2
175 157 3 174 19 2 67
6
2
2
2
2
2
45 3
2
3
2
2
2
2
2
2
2
2
20 2
2
2 5 67 56 114
43
43
2
2
2
9 1
44
2
2
2
2
2
2
16 2
9
9
2
9
9 46
2
46
43
2
44
69
2
2
43
43
43
44
2
2
2
2
2
20 2
2
2
2
2
2
176 56 5 4 126 55
18 177
2
55
48
178
55
2 179
2
2 3
3 16
2
2
2
2
2
2
2
2
2
2
2
2
2
2
3
38 2
5 2
2
2
2
2
2 180
181
42
42
9
42
19
182 16
183
42 16
28 2
28
16
39
16
16
16
2
16
8
42
184 42
16
42
16
16
42
183
15
42
42 39
2
2
2
19
39
2
2
2
2
2
2
2
2
2
44
2
1 104 65 40 131
2
2
2
2
2
2
2
2
2
5 67 2
2
2
2
2
2
2
2 9 67 185 5 126 186 31
2
9
9
2
3
2
2 112
9
9
2
2
2
9
2
2
2
2
2
2
2 156
2
2 131 122
2
2
2
2
44
2
2
2 42
2
2
2 187 188
2
2
102
9 2
45
2
2
2
2
2
2
28
2
44
112
2
2
2
3
3
3 9
9 2 9
9
189 2 9
2
2 186
2
2
2
2
2
2 13
2 13
2
2 13
2
2
2
2
2
2
3 190 191
3 192
2
2
2
2 1
43
43
193
193 3
193
3
2
2
2
2
2
2
113
2
44
2
2
2 42
3
40 131 41 40 3
2
124 18
3
3
2
2
3
11 2
11 2
2
8 2
20
20
101
20
2 194 12
3 131
2 38
2
2 133
2
2
2
2
2
2
42
2 195 26 38 11 12
3
2
2 20 2
2
44
2
2
9
2
2
111 124 2
2 13 196
39
2
65
2
197 198 199 200 3
2
2
3
2
201
2
2
2
2
39
2
2
2
5 30 5 67 2
3
2
56 4 67 30 2
9
2
2
20
2
2
5 2
2
3
2
46 2
2
3
131 202 3
2
2
102
2
102
39
2
2
131 41 2
45 19
45 19
2
2 49 6
44
2
2
2 112
2
2
2
2 13
2 65 203
3
2
2
204
204
2
2
2
44
2
2
2
2
2
67 205 2 124 206 56 38
2
2
2
2
2
2
2
2
2
2
2
2
2
2
9 42 2 1
2
2
207 68
2 1
3
2
2
2
2 150
2
2
19
19
3
2
208
2
208
208
2
20
2
2
142
2
44
1
2
3
3
3
2 20
3
3
13 2
2 43
43
2
44 2
191 9
2
2
2
2
209
2
2
2
102
2
2
1
39
2
39
2
9
126 2
2 5
2
2
2
2
2
3 40
2
3
193
2
9
2
3
131 3
2 41
2
2
2
2
2
67 2
2
2
55
43 2
2 108 56 76 5
44
2
55
55
2 55
55
55
55
55
5 55 2 73
55
55
55
55
55
55
55
55
55
101
73
73
55
55
55 128
73
73
73
55
73
73
2
44
9 2
45
3
3
39
39
39
3
2 12
2
5 2
2
3
2
2
65
2
2
2
43
181
9
9
2
2
38 3
2
2
2
2
2
2
99 45
2
5 2
2 41 29 5
2
2
2
18
18
18
16
39
5 2
2
2
2
39
2
2 67
2
2
2
2
2
7 2 5
2
3
2
2 23
39
2 11
3
19 11
39
39
3
2
3
2
3
2
2
2
3
2
3
2
2 43
2
2
2
2
2
2
3
2
2
2
2 5
23 2
2
2
2
2
2
2
2
2
2
210 2
2
2
9
211 212 211 213 9
212 211 213 9
9 2 44
2
2
2
2
2
101 130
130 48
2
2
103
73
2
2
2
2
2
2
2
131 2 214
2
20
2
188 7 215 2
68
46
2
2 45 128 3
2
2
2
2
2
2
2
130
43
2
9
2
2
44
216 2
39
2
2
2
2
2
2
2
2
9
2
2
2
2
2
46
2
2
2 19 3
2
3
5 2 67
2
2
2
2
2
2
65
2
3
2
2 5 76
217 3 218
2
2
2 5
2
3 115 2 9
2 3
3
101
2
2
2
2
2
2
2
2
2
45 3
3
3
67 2
2
3 43 111
2
18
18
2
2
18
12 16 49 219 11
2 9
100 103
103
103
44
2
2
101
2
16
2
49
2
2
2
21
2
2
2
2
2
2
2
2
3
3 220
2
42
2
3
3
101
2
101
9
2
2
2 63
3 19
2 101
3
2
2 122
2
2
70
70
70
70
70
70
70
2
2
2
2
2
2
2
2
69 2
20 2
20
65
101
2
2
21
21
9
2
2
2
44
2
20
2
2
2
2
19
2
2
2
2
13 2
42
2
2
2
2
12 11 2 13
2
1
2
2
2
2
112
2
2
2
2
2
2
2
3
20
2
2
2
2
2
2
2
2
2
2
2
2
2
3 2 3
2
2 20
221
221
221
2
2
2
2
2
2
2
2
2
2
49
49
70
42
2 20
2
3
73
2 20
126 2
2
1
2
2
2
2
2
5 126 5 2
2 5
2
2
2
2
69
3
2
5 67 2
5 67 2
2
222 223 187 1 2 101 2
2
2
2
2
2
102
2
2 122
2
45
2
45
45
2
2
2
2
2 20
2
44
2 20
2
3
2
2
2
44
44
44
44
2 9
44
9 44
44
101 20 44
2 1
8 46
44 2 44 9
44
44
44
2
44 2
9
44
20
2
9
44
9
20
44
9 20
44
44
2
2
44
2
20 2
9
2
2
2
2
11 3 224
76 5 2 67 1
3
2
2
2 38
2
2
2
2
19
5 225 2
43
43
2
2
2
2
2
9
3
226 227 39
65
2
2
2
2
2
2
2
2
2
2
2
2
39
39
2 9
9
2
2
9
9
9
2
2
1
2
2
228 2
142
2
2
2
2
2
2
2
2
2
3
2
69 9
2
2
3
2
67 2 20
2
2
2
2
2
44
2
13 2
2
2
2 9 20 9 2 32 126 5
2
2
2
3
2 101
2
2 41 40
5 2 67
2
3 229
2
2
2
2
2
11 2
11 2 9
2
2
2
2
2
2
2
2
2
2
2
20
2
2
2
39
39 2 3
2
2
2
39
13 2
2 101 230 231 232 233
2
9 2
2 231 101 234 235
2
3
3
13 2
2
2 9
3
2
2
2
5 2
2
2
2
2
2
16
16
2
3
3
2
2
2
2
2
236 2
2
3
2
5 67 2
2
2
237 111 101 2 50
2
2
2 9
2
2
2
2
2
2 20
2
2 20
20 2
44 11 12
2
2
2
2 9
2
2
2
3
182
182
2 5 67
21
164
2
2
2
2 131 41
2
2
2
2
2
2
69 29
73 69
2
2 1
2
5 105 2
2
2
3
2
2
19 43
19
193
2
2
2
11 3
3
3
2
2
2
2
183
2
39
8
2
2
2
2
2
2
2
2 20
2
2
2
2
2
2
2
2
2
2
2
2
44 2 9 2 3
2
2
2
2
2
2
2
2
2
2
2
2
2
2 18
2
2
2
2
2
2
2
2
2
2
2
2 5
2 126
2
2
2
2
238 101
2
2
2
11 239
7 239 240
213 2
2 240
240
240
240
240
240 239 241
240
240
240
240
240
240
239
240
2
240
3 38 150 22 95 242 64 243 76
2
2
2
2
2
42
2
2
2
2 55 20 9
2
244 245 138 16
2
2 20
2
2
2
2
2
2
3
68
2
2 41 131
5 2
2
2
2
45
2
133 2
2
2
2 9
2
2
2 8 30 5 108 126
2 246
247 2 99
2
93 248
2
16
16
69
67 5 71 4 76 2
2
2
2
19
3
2
2
2
2
2 9 1
133 2
2
124 2
249 2 250 2
108 2
124 2
2 108
124 42
2 249
2
2
2 124
2 124
108 2
2
124 2
2
2 13
9 2
2
44
44 2
9
44
2
2
2
2
44
2
2
2
12 2
2
2
3
2
2
45 2
2 45
45 19
101 2 21
112 2
2
2
2
2
2
2
2
2 115 251 11 252 40 131 150
2
2
9
2
3
2
2
9
2
5 2
2
13 2
2
2
2
2
2
43 3
2
43
2
2
2
2
11 2
2
2
2
2
2
2
2
2 69
2
28
39
44 19
2
3
2
19
2
2
2
2
39
2
49
49
3
73
45 19
19 42
19
3
2
3
213 206 253
2
2
2
101
2
2
3
3
2
2
2
6 19
2
2
2
2
2
38 2
2
2 5
2
44
2
2
2
49
2
2
2
2
9
2
2
2
2
2
254 2
2
2
2
2 113
2
109 8 2
2
2
2
44
2
2
2
2
12 11 2
2
3
19
2
46 2
2
2
255
2
46
2
2
2
46 2
44
2
46
2
2
2
9
2
2
2
2
106 114 256 9 2
256 9 2 9 257
2
39 100
213
2
2
2
2
2
111 2
2
2
2
2
2
45
12 11 2
11 2
2
2 5 30
2
3
69
2
42
42
2
2 9
2
3
3 19
2
2
2
2
2
2
258 2
69
69
69
253 2
63 67 2 259
65
2
19 45
43
2
2 3 45 128
3 45 128 19
19 2
2
2
2
2 9 45 19 2 45
2 45 2
3
2
2
65 2
20
2
102
2
2
2
2
2
2
9 260
2
2
2
2
2
2
2
2
101
2
2
2
3
2
2 46 2 46
40 161 40 9
261 1 262 2
2
263 175 157 3 19
157 3 19 15 11
2
2
2
37 201 264
69
2 264
2
2 137
206 2
2
124 2
2
5 69
3
2 93
2
44
15
2 5
2
93
2
2
2
2
2
44
2
2
2 131
102
2
2
2
2
2
2
16
3
2
2 131
2
2
3
2
2
3
2
2
2
2
3
2
2
39
2
126 3 43 3
2
2
112
210 67 4 73 9
2
2
2
2
2
2
76 2
43
43
2
2 20 2
2
3 44 3
3
265 266 226 267 268 269 29 26 44 115 131
268 269 29 26 44 115 131
2
2 204
270
2
2
73
2
2
2 5
2
2
2
2
2 11
2
2
43
2 5 67 4 30 126
2
2 23 271 2 41 272
2 131
2
2
2
2
213 29 2
20
19 2
2
2
39
2
2
2
2
2 72
2
2
2
2
18
18 2 9
2
2
101 122
2
2
44 2
2
2
2
2 115 273
21
113
208
2
2
2
2
2
102
102
2
43
2
2
2
2
2 196 13 272 220
2 1 9
2
101 2
274 131 68
2
2
2 43 19
124 2
2 275
2
2
16
5 2
2 19
2
2
2
43
276
57 2 20
2
2
2
2
2
103
44
48
2
2
3
3
2
2
2
2
2
2 9
2
2 44 2 8
2 8 15
15 2 15 1
2
45
44
2
2
2
2
2 44
2
2
2 67 5 76
2
42
128
2
2
2
2
277
2
2
2
2
2
9
9
2 9
3
3
43 3
28
43
39
39
39
2
2
2 3
2
2
3
142
2
2
2
2
2
2
2
2
2
2
2 11
2
3
2
176 2
2
2
2
142
2
177
2
3
3
2
2
2 8
2
2
27 278 29 69 42 37
2
2
2 3
2
2
2 20
2
3
2
2 46
1
2
44
130 279
279
279
279
2
2
2
2 76 5
2
2
2
2
108 2
2 108
2
2 20
2
2
2
16 2
16
2
2
2
2
2
2
2
3 161
2
2
2
2
130
2
2
2
2
2
2
3
2
2
2
2
2
2
2
3
9
2
2
13 2 280
2
9
2
2
2
2
44
2 281
2 131 11
2
2
2
43
2
2
2 282
2 282 283
2
2
2
2
39 111 284
39
2
2
2
2
2
2
2
2
2
2
2 1
3
44
142
2
2
2
1
2
2
2
3
2
43
43
2
2
2
2
2
2
2
3
2
2
2
2
2 44
2
1
1
2
2 3
3
2
2
2
2 285 206
2
2
2 20
2
2
2
2
2
2
2
2
101 2
2
2
2
2
2
2
2
2
2
2 38
2
2
38 2
2
2
2
2
2
2
2
2
2
2
2
2 137
2
2
2
2
2
2
20 2
2
2
2 286
44
2
2
2
2
2 5
2
2
2
2
9
11 3 43 3 131
3 131 202
9 2
2 20 2
9 1
2
2
2
137
2
2
2
8 46
8
18
2
2
2
2
2
2
2
20
9 2
93
100 287 183 100
5 30 2
2
2
19 45
2
3
93 2
42
42 5 114
2 288
2
2
70
2
2
9
2 9
8 2 38
38 2 11
38 2 11 38
2 101
40 38 2
2
38 2
2
13 2
2
65
38 2
2
200 289 290 291 183 100
2
2
2
2
2
2
67 2
101
2 11
2
16
2
2
2
2
2
2
2
2
2
130
2
2
39
49 186
2
2
2
2
2
2
104 113
3
2
2
2
179 2
113
44
101
2
2 101
20
28
2
2
2
2
2
44 3
44 3
3
3
3 2
2
2
202 2 292
2
2
2
2
2
2
2
2
2
102
3 38
2
2
2
2
2
2
2
2
9
2
3
2 60
9
44 3
2
2
3
2
2
2
2
2
2
2 263
20 2
3 2
2 11
28
5 4 126 67 76 126 67 2
9
2
2
2
39
114 108 56 5 39 30 2
2
39 2
3
3
2
2
2 39
2
2
2
2
2
2
45
11 15
2 131
2
2
2
2
42 5 114 11
2
69
15
3 244 115 293
2
15
44
9
2
3 12
42
2
3
72 2 5 115 294
2
2
2
2
44
2 42
2 42 2
6
2
2
2
2
2
3
2
17 2 9 76 5 67 105 286
2 295
9
44 11
2
45
2
2
2
2
2 272 9
2
2
3
3
3
3 2
2
2 9
103 102
2
2
2
2
2
2
44 9 38
2 101 76 67 4 5 108 126 67 76 30
69
69
2
2
2
2
69
69
69 296
2
2
43
3
2
2
69
3
2
2
11 3
2
2
43
43
3
43
2
2
2
26 69
2
19
2
2
2
23 2
42
2
2
2 76 126
2
3
2
2
2
2
39
2
2
2
2
3
30 105 126 67 297 81 2 20 2
2
2
2
2
65
298
2
2
2
42
44
2
2
240
19
9 243
9
49
70
70
254
270
299
2
2 93 19
19 22
2
2
2
2
186 5 67 2
2
2
16
43
2
2
3
2
2
2
2
2
2
42
2
2
68
2
16
2
2
9
3
2
2
2
206 2
206 2
2
2
2
2
2
2
2
2
2
5 46
2 20
2
2
2
2
9
2
2
46 300
32 2
39
2
2
2
2
241
183
3
2
2
3
2
2
2
2
2
2
2
301 19 43 45 19 3
43 45 19 3
2
2
2
2
2 161 160
11 69 161
2
4 30 2
2
2
20
2
70
43
103
112
2 302 7
2 23
2
2
2
2
44 2
2
2 122 13
2
2
2 25
44
3
2
2
28
2
2
2
101
2
2
2
2
2
2 124 108
8
2 9 2
2
15
15
15
15
15
15
94
15
15
15
15
15
15
15
15
15
15
15
2
2
70
49
128
2
2
3
2
2
2
2
2
2
8 2
2
3
2 99
40 2
2
2
2
2
2
2
2
2
2
2
2
13 1
2
2
2 112 2
112 2
2 65 2
2
2
2
2
2 44
20 2
2
43
3
16
2
2
2
22 2
2
2
2
2
183
2 20
20 2
2
2
2
2 44
2
2
2
2
2
2
2
133 2
2
2
2
2
2 44
2
2
2
2
5 105 303 30 2
2
2
2
2 20 9
2
2
2
2
2
2
2
2
2
3
3
2
2
2
2
23 2
2
2 64
2
16
16
2
20
2
2
2
2
2
2
2
68
68
68
68
2
2
40 175 3 2
2
2
2
2
102 101
102 100 304 134
2
187 9 2
2 42
2 20
3
11 3
13 2
2
2
2
2
2
5 114 4 2 305
2
2
2
2
2
2
2
2
2
2
2
2
2
65
2
2
2
2 38 306
44 307
2
2 41
2
2 13
2
2 5
2
2
2
2
2
2
114 5 126 108 308 76 309 308 55 176
41 131 310 311 284 2
54 2 312
73 2
2
2
2
43
2
2
2
2
2
2
44
44
313 37 19
2
2 20
37
2 13
3
2
2
2
2
2
2
2
2
2
44
2
44
2
2
2
2
9
2 13 124
4 2
5 4 2
2 68
2
2 11 12
2
3 19 45 43
2
2 8
314 2 73
2
2
2
2
2
2
142
130
2
2
315 316 317 318 2 22 167 319 320 22 315 317
315 2 317
3
2
2
39
15 46 21 3 124
2 13
2
2
2
2
2
2
39
2 20 2
100 15
3
3
43
196 23 2
2
2 11
2 11
3
2
2
9
2
43
43 2
2
9 2
2
2
2 30
3
2
2
2
3
112
37
321 171 2
122 2
2
2 22
2
2 77
2
2
3
3
2
2
128
128
2
193 2 1
2
2
2
2 13
2
2
2
46
2
2
2
1
2
2
2
2
2
2
2
2
2
2
2
23 2
277
277
137 2
2
2
2
2
2
2
2
2
2
2
2 30 5
2
2
241
241
322
2
1 109
1
2
2
46
109
44
44
2
109 2
2
2
2
9
2
2
2 39
3
2
2
2
2
3
2
2
2
114 2
2
2
9
2
19
3
43
2
43
2
5 126 4 323 2
2
3
3
42 2 16
2
44 131 40 131
2
2
2 1
2
2
3 296
3
1
2
2
44
2
3
3
3
2
2
2
16
16 2
2
2
2
2
2
2
2
2
2
13 2
26 69 28
3
2 26
28 296 26 296
2
2
3
174 3
2 11
2 11
9
2 1
2
323 76 2 5
2
2
19
2
20
2
3
3
124 2
42 124
45
2
2
2 324
18
21
15
2
2
3
3
2
2
2
2
2
47 16
2
3
2
41 2
2
3
2
2
19
2
39
69
2
15
44 2 114 5
2
2
2
2
1 2
2
2
112
1
2
42
2
2 49 2 219
49 2 219
2
2
2
1 2 9 44
11 12 2
12 2
2
2
2
44 131
2
2
2
2
3
2
2
45
2
2
2
2
2
45
3
325 2
2
2
2
326
9
326
2
164
326
326
2
326
327
327
326
327
326
326
239
9
2
326
9
2 9
2
2
2
2
2
2
2
2
2
2
2
16
16
16
16
16
16
16
16
16
16
2
292 40 44
2
2
2
2
2
67 126 4 2 131
9
20
19
39
2
3
3
23 2
2
2
2
2 37 270
37 270 69 42
69 42 43
40 131 328 2
2 213
183
328
20
2
2
3
2
103
2
2
48
48
48
2
2
3
2
2
19
2 20
3
2
2
2
2
2
2
2
2 124
2
2
3
124 2
2
2
2
3
3
2
3 115 40 329 40
2
2
2
2
2
2
2
2
1
2
2
2
2
2
2
2
2
26 330 26 28
2
2
2
2
5 76 2 101 255 331
20 2
2
2
2
2
2
2
46
5 2
2 9 22 332 22
9
2 9
9
2
15
14
2
2
2
2
2
2
2
2
42
2
1
2 93 2 131
2
76 5 44 3
2
2
2 169
49 138 10 49
68
2
333 2 5 12 11 12 2 150 334
2
2
2
2
42 2
2 44
2
44
44
3
241
2
2
2
2
42
2
2 73
2
2
2
2
335
70
2
2
3
3
3
49
3
2
3 11
2
1
336 2
2
9
2
9
2
2 8
2
2
2
2
2
43 3
2
3
3
2
2
2
2
128
2
277
39
2
1
313 337
337
337
208 337
2
44
2
124 253 338 206 2 101
2
2
2
2
2
2
2
5 2
2
2
43 2 3
49
3
44
2
2
3
193
39
2
2
2
3
2
2
2
2
2
2
2
2
2 339
2
2
2
2
3
44
2
2
2
2
2
2
97 67 55
9
2
2
1
30 5 2
2
2
2
2
3
3
45 3
2
3 160
19 122
3
3
2
2
2
2 20
2 9
2
2
42
277
213
2
2
49 62
9
2
101
2
2
2
2
2
2
2
2
2
2
2
2
2
2
3
2
2
3
2
2 3
2
2
102
2
190 9
103
2
2
2
44
2
2
2
2
2 26 340 29 42 167 22 341 342
2
2
343 13 2 44
13 2 44 2
2
2
2
2
250 2 131
2 131
2
2
2
2
2
208
213 42
2
2
337
337
13 2
2
69
69
2
43 115 11 99
2
2
2
71 2
2
2
2
2 100
101 2
2
2
2
2
2
2
124 44
2
9
9 2
2 67 114 2
2
12 2
2
2
2
3
2
2
77 257 77 109 2 44
2
2
40 2
2
129
2 63
5 2
5 2
2
2
3 344 115 345 346 347 171
6 3 348 288 215
2
5 349 67 2
40 2
16
2
2
2
2
18
2
2 67
2
2
2
2
3
2
44
2
2
2 5
2
2
2
2
2
2
2
265 2
2 124
2 124 13
2
2
2
2
2
2
2
2
2
2
2
45
2
23 2
2
43
2 44
350 2 56
2 56 5 56 13
2
2
2
2
2
2 20 1 8 41 40 351 131
2 38 46
2
2
2
3
2
2
65
2 352 26
353 3
2
2 30 67 5 353 354
2
5 4 2 109
3
3
39 3
3
2
2
3
2
2
2
44
2
3
3
2
2
2
126 5 39
171 2
2
2
2
2
2 114
39
44
2
2
2
2
2
2
2
2
2
2
2
2
2
2
2
2
2 20
2 20 2
2
2
3
2
2
2
2
2
49
2
2 355
2
2
2
2
3
2
2
2 63
2
2
2
2
2
16
16
45
2
2 13
2
2
19
39 102
102
3
50
2 11
2
9
9
3
3
3
3
3
2
42 103 114
130 356 286
113
46 2 133
18
19 357
50
49 23
113
49
113
2
8
42
9
2
3
5 67 2
2
21
2
2 23
103
2
51
51
49
2
2
2 3
43 3
2 43 3
2
2
2
2
2
2
2
2 13
2
3
2
2
9
298
20
2
2
2
3
2
2
2
2
2
2
2
2
2
2
2
2
3
2 44
2
2
2
2
2
2
187 358 359 222 360 361 362 363 364 365 366 367 45 254
45
45
2 9
45
254
45 254 19 42 2 37
2
2 104 2 37
104 2 37 2
45
5 76 2
2
2
69
51
2
9
2
2
2
2
2
2
2
2
2
2
2
169
169
2
2
2
2
2
2
2
2
2
1
2 44 41 40 131
3
13 42
3
2
73
2
2
2
44
2
2
2
2
2
73
73
2
2
2
2
39
39
368 5 2
2
161 2
2
2
2
2
44
126 5 2 186
2
2
2
2
12 16 2 101
2 101 126 5
101 126 5 76 23
3
2
130
2
130
130
5 349 67 2 333
2
2
9
2
2
2 145 369
2
2
2
2
3
3
2
9
2
9 2
2
2
16
2
2
2
2
2
65
65 1
65
2
2
3
2
2 131
2
3
2 20
2 20 2
2
2
3
2
2
2
209
2
21
128
9
2 40 175
42
2
3 43 263
133 2
2 5
337
2
2
2
2
2
2
2
2
2
279
112
130
113
112
113
130
142 2
2
2
2
44
2
2
2
2
2
2
2
2
2
2
2
2
2 124 5
2
3
2
3
44
2
45
2
2
102
2
1 2
2
2
3 2
2 11
2
2 101 67 5 57
2
2
3
2
2
2
2
2
2
2
42
42
42
42
3
3
3
254
42
42
30 5 42
2
2
2
2
103
2 5
2
2
45
2
2
2 45 19
3
2
3
3
3
39
40 39
103
2
3
185 5 107 32 2 97
2
2
2
2
15 2
65 2
39 38 132
2
2 111 206
2
43 11
2
5 2
2
2
128
37 43
42
2
207 68
2
2
2
9
254 2
19
16 49 2 8
5 126 5 2
126 5 2
124 2
370
3
2
44
101
42
2
2
2
2
2
2
2
2
2
2
8
3
2
28
208
42
2
39 284
2
2
2
2
2
2
2 113
2
371 72 152 2 9
72 152 2 9 2 371
2 11 207 372
2
2
2
2
2 4
3
2
2
2
2
2
65 104 129
43
171 2
2
2
2
19
2
2
2
2
2
2
2
2
2
15
2
2
2
2
2
2
2
2 11
270
96 373 2
42
42
2 30 5
2
2
2
270
44
2
47 374
2
2
2
2
2 5
2
108 76 5 2
2
2 41
16
9
2
2 67
2
2
167 2
2
2
2
104
2
2
2
2
2 9 2
2
3
2
2
2
2
2
2
2
2
3
2
2
73
2
43
43
43
2
2
126 2
2
2 114
2 67 5 349 30
2
3
255
2
2
2
2
39
2
2 9
2
2 12
42
2 55
3
19 301 11
2
2
2
2
2
2
2
2
3 175
2
2
2
2 20
2
2
3
2 20
2 1
38 375 376 45
22 2
67 2
2
102
102
3 2
8
2
2
2
2 13
2
2
2
2
2 111
2
2
2 20
2
9 2 37
2
3
2
43 45 2 44
2
55
2
2
2
2
13 2
2 206 114 5
2
2
2
2
2 49 70 130 204 25
2 49 130 204
49
49
49
49
2 125
2
3
2
3
377
377
2
32 30 2 23
2
2
2
2
3
2 37
3
11 2 23 13
8 2
21
2
2
2
378 2
2
2
2
2
3
2
2
9
2
2
3
3
39
45 2
2
2 13 124
2
2
2 99
2
379 2
2
2
2
2
20 40 2
2
3
2
2
44
2
27 69
2
2 19 42 103 11
200 380 2 103 263 102 381 3
103
2
3
37 69
69
2
2
2
2
2
142
49
2
2
2
2
2
2
2 9 44
45 2
69
114 2
2
2
5 30 2
3
65
44
2
28 37
2
2
2
2 5 20
16 200
2
19 3
2
2 13 109
2
2
2
2
2
2
2
2
2
44
2
2
2
12 2
12 2
11 12 2
12 2
2
2
2
42
42
2
2
2
2
2
2
2
2
2 20 2
2
101 2
2
2
2
2
2
2
2
2
2
2
2
2
2
2
2
2
2
2
2
2
2
2
2
2
2
2
111 2
2
2
2
2
2
2
2
2 382 383 156
49
2
2
2
2
2
2
2
2
2
2
2
2
2
2
18
16 18
2
2
2
2 5
216 2
2
2
2
2
2
69
69
28
2
69
2
3
2 1 334 150 384 385
2
18 10 49
2
2
2
2
2
2
2 41
2
2
2
2
2
45
15
2
2
5 67 2 9
2
2 3
2 39
2
2 13 30 76 5 67 105
2
19
2
3 19
2 9
3
2 12
2
2
2
2
2
2 244 386
2
2
2
2
2
2
2
2 20 3 115 42
42
2
2 38 9
2
2
2
2
2
3
2
2
2
2
2
2
2
2 76 5 303 44
3
337
208
2
2
20
3
2 39
2
2 16
2
2
2
2 20 131
2
2
2
49
2
2
9
2
42
2
2
1 122
2
2
20
2
2 114 105
2
2
2
2
2
2 219
2
65
69 2
2
2
2
2
2
2
164
164
164
164
164
164
164
2
44
2 5
8
49
2
2
2
164
9
196 2
2
2
2
101
2
9 2 1
2
3
128
3
2
16
3
11 2
2
2
2
2 76 5
2 131
2
13 2 9
39
164
102
45
3
2
241
2
67 5 2
2
11 19 2 20
2
2
69
2
73
2 5 67
2
49
43
44
387 388 44 152
44 130 2
130 2 130
2
2
39
67 5 67 2
326
2 142
2
2
2
2
2
2
2 9
114 5 2
5 2
2 93
93 115 2
39
39 41
2
11 2
2
69
42 3
2 11
240 42
5 2 29 38
2
2
389 44
44
2
16
16
16
16
16
16
16
2
16
16
16
16 171
49
16
16
16
16
16
49
19
16
276 390
16
16
16
16
16
2
2 16
16
327
16
16
16
16
2
2
3
2 9
2 9 2
2
2
2
2
7 2
2
2
2
2
2
2
2 20
2
2
2 11
2
2
101
2
20
3
270
2
2
2
2
2
2
2
298 391
2 19 11 392 12
2
2
2
2
3
2
2
18 8 241
18
201 37 201
201
39
201
201
201
8 201
201
2
2
68
73
2
74 2 3 250 5 126
2
2
2
2
2
3
2
2
2
2
15 37
37 2 37
2
2
2
2
2
2
13 2
2
2
2
2
2
70
138 70
70
2
46
49
49
18
393 49
49
49
18
2
2
3
3
3
42
19
3
3
2
2
3
2
2 42
19
2
128
2
2
19 11
2
2
2
2
2
19
2
109
5 2
2
2
2
3
325 3
2
3
2
2
149 44
12 44 394 395 396
44
2
2
44
2
2
93
256 76 256 5 9
76 256 5 9 2 44 126 1
19
2
2
5 4 2
2
9
43 18
30 2 124 261 397
2 108
2
2
2
3
43
102
102
2
2
2
2
3
9
39
45
19
2
2
2
2
2 398
2
3
2
3
2
2
243 5 176 20 2
2
2
3
3 399
2
3
19
2
2
18 2
2
2
49 10
70 16
112 2
2
2
2
2
2
2
2
2
2
2
2 168
2
2
2
2
19 11
19
2
19
2
2
2
1
2
2
16
2
2 276
16
3
69 23
69 2 67 69
69
69
69 1 152
69
69
69
69
69
400 69
69
69
69
69
69
69
69 400
400 152 400 69
152 69
69
69 67
69
69
69
69 2
69 2 69
69
69
69
69 2 101 69
69
69 401 354 402 403 353
9 69
69
2 69
69
69
2
3
2
70
70
2
2
2
162
42
2
2
2
2
36
2 44
2
2 72
2 72
44
44 125
2
2
2
3
3
43
3 43
43 3
2
2
127 2
50 2 9 2 50 1
2
20
9
2
3
2
2 257
24 2 9 24
2
2
2
2
2
2
2
3
2 23
2
2
2
279 2
279
4 5 20 76
2
2
2
2
2
2
2
2
39
2
2
2
2
2
3
2
69 404 405 214 206
202 292 19
19
2
2
16
2 20
73
39
102
39
3
3
16 44
16
2
2
2
162
2
2
2
2
69
3
2
43
3
2 44
44
2
2
2
2
4 5 2
2
2
2
2
2
2
2
2
46
2
2
2
2
2
47
5 2
2
2
2
44
2
11 2
2
2
3
3
2
2
2
5 2
2
37
2
40 2
2
2
3
2
2
39
2
2
2
2
20 2 67 5 4 5 4
2
3 45
2
112
2
39
2
2
2 20
370
2
3 2
3
2
2
3 5 148
2
2
2
19
3
3
68
12 2
2
2
2
2
2 38
2
2
28
2
37
94
39
128
225 2
2
5 105 2 41 131 2 72
131 2 72 131 115 152
2
2
2
2
2
2
3
2
270
2
2 44
2
3
2 44 12 406
2
28
2
2
9
39
39
39
2
298
298
298
43
2
2
2
2
2
2
2
2
2
2
2
2
2
2
2
2
37
2
2
2
2
2
69 404
69 404
69 404 206
69
69 2 69
69
69
9 115 44
46
2
2
2
2
2
2
2
39
2
44 2 44
137
137
3
3
3
3
3
43
3
3
2
42
2
39
2
2
2
2
43
2
2 22
2
2
19
2
2
5 2 115 131 24 13 124 343
164 2
38 2
2
49
49 138
3 2
2
16
2
2
2
69
65 2
2
2
2
2
38 2
2
2
2
2 407
2
2
113
45 128 42 2
19
193
193
19
19
2
2
2
2
2
2
2
2
16
2
2
2
2
2
296 26 340 69 404 2 67 5 185
204 44 298 142 112 164 390 169 47 69
69 28
69 28 69
3 161 131 21
3
2
2
2
2
43
126 5 2
2
2
2
2 9
2
2
42
241
42
42
2
2
2
2
69
2
39
2
2
2 77
45
2
2
2
2
2
2
2
2
2 8
2 8 2
2
2
2
2
2
2 13 101
2 5 67
2
2
2
2
2
2
25 196 55
137 2
42 23
408 337 409
2
42
2
2
2 240
2
2 101 44
2 44 9 2 9
2 9 2
2
2
2
3
2 127
2 127 410
9
2
3
3
2
114 2
2 234
2
2
2
2
5 4 2
2
2 354
50 65
2
63 2
2
2
2
2
101
2
2
2
2
48
3
2
2
43
2
109
2
2
164 2
2
2
65
2
2
2 101
2
2
2
50
2 20 131
3
2
2
2
2 20
411 372 160 372 412 413 2
370 412 414 412
412 415 411 416 9
412 411 9
9 412 417 412 411
412 411 9
2
412 44
2
94 37 412
2
2 93
241 301
44
2
3
44
2
20
2
2
2
2 20
2
2
3
2
2
2
177
2
2
2
3
2
2
9
2
1 2 46 2
2 1 46
2 1 46 2 1
1 44 2 1
2 1 2
2 1 46 2 109 20
1 46 2 109 20 2 8 1
1
1 2 1 2 109 44
1 2 109 44 1 2
1 2
5 67 4 418 56 419 108 126 2 44 1
2 44 1 2 1
2 1 2 1
2 1 2 1
2 1 13 2
1 2 44 2 1
2 1 65 2 101 1
65 2 101 1 2 44 101
2 44 101 2 1 44 65
2 1 44 65 2
2 44 101
46 131 11 301
2
2
38 2
142
142
113
142
142
142
142
142
142
142
2
2
154 18
420 2
2
2
2
3
240
240
2
2 38
2 44
3
3
376 370
3
3
44
44 2
2
44 421
2 5 76 32 30
2
2
2
2
42
42
42
42
42
2
3
3
2
2
102
19
2 168 142 112 48
2 44
2
2
3
3
2
2
2
2
2
2
2
182 130
130
23 130
2
2 130
130
130
112
130
130
2
2
2
2
41 2 263 115 122 127 422 75 265 423
424 43 2 372 286
2 122 425 426 185 427 428
2
429 2 430 148
2
2 431
432 16 433
167 16 434 148
2
2 435 436
2
2
437 2 438
2 13 99
2
11 2
38 2
285 111 3 249
2 41 353
2 38 294 397 439 13 144
3 265 440 216
68 21 6 115 34 11 301
2
2
43
3
2 104
42 11
2
40 2 124
40 2 124
44
1 2
2
2
2
2
19
2
93
2
2
16 47
374 47
2
2 102 2
102
2
2
2
18
2 67
2 20 46
3
3
2
2
2 20 2
11 44
2
65 2 20
9
2 1
391
2
15
3
2
2
2
2
13 2
44
108 9 2
2
2
2
2
2
3
3
2 24 1
2
2
2
2
2
2
2 126 56
2 9
2
2
2
2
2
29 128
128 19
19
2
2
2
2
2 190
2
2 46
2
2
2
2
204 2
2
2
2
2
2
49
49
19 2
101
2
2
2
2 336
2
73
2
44
2 231
2 46
2 20
2
15
128
2
128 336 124
2
2
2
2
2
2
2
2
2
2
5 67 2
67 2
2
2
2
2
2 47 441
374
176 240
2 67
2
2
2
39
2
3
3
3
3
2
2
2
2
2
2
2 38 40
2
2
2
2
2
2
2
113
2
55
2
39
2
2 214
5 2
19
2
2
39
20 2
2 11
2
2 9
442
69
5 2
2
2
2 8 9
19
19
19
130
2
2
2
2
2
2 1
2
2
2
2
2
2
2 380 443
56 5 30 18
16
2
2
67 62 2
2
112
112
36
2
112
2
2
2
8
2
48
2 43
2
2
2 164
2 1
2
2
2
2
3
14
93
13 146 13 2
13 2 265
2 9
2
2
2
2
5 2
183
183
183
3
3
3 43
2
2
2
2
2
2
2
2 444
2
2
2
9
2 111 171
171 445 2
13 2
113
2 185
46
42
2
370
2
2
2
2
2
2 22 167
3 161 40 202 292 131
2
2
2
2
39
2
446 44 2 45 3 115 38 41 131
2
2
2
2
2
2
2
2
11 9 2
2
3
2
2
2
2
2
2 20
2
2
2 9
2
70
2
3
2
1
2
2
2
2
2
2
44 2
51 6
18
18
16
16
16
16
16
16 51
51
51
16
16
5 126 2
2
2
67 2
2
2
2 20
101 2 65
2
2 9
109
2
2
2
19
2
220 2
43
2
2
2
131 40 41 2
42
2
2
3
18
2
2
2 20 65
2
44
3
20
20
69
2
2
2
2
2
2 37
2
277
69
2
2
2
2
2 44
2
13 2
2
2
2
5 2 76 40 41
3
2
169
2
3
2
2
2
2
2
2
2
2
2
2
2
2
2
20
2
2
21
2
2
2
2
2
2
2
2
2
2
8
2
130
2
2
2
2
2
103 2 9
2
2
2
101
2
4 5 2
2
30 2
2
2
2
2
2 109
2
2 44
2
16
16 2
2
3
2
2
2
2
2
2
2
2
67 32 5 325 30 2
2
2
3
2
2
2
20
5 2
2
2 13
2
128
2
2 67
2
2 142 2
2 20
2 20 2
13 2
13 2
2
9
2
2
2
18
44 2
126 5 349 67 2
2
2
2
2
43
39
3
2
2
2
208
2 28
20
3
3
3
3
2
2 20 2
20 2
2
2
2
42
28 296
2
2
2 447
2
114 2
2
2
2
2
2
2
2
2
2
2
2
448 353 44
56 5 2
2
2
2
2
2 9
2
11 43 161 224 115 131
18
449 2 450
2
20
20
2
2
2
2
2
2
3
3
2
2
2
2
44
2
2
2
2 8 44 1
3
2
2
2
2
2
44
2 5
1 2
5 2 67
20
2
2
2
3
2
2
2
3
2
2
2
2
2
2
19
9
3
3
2
2
2 23
2
2
2
2
2
44 2
44
3
2
11 2
2
257 42 18
18 130 255
130 255 15 43
2
42
16
47 16 47
16
2
2
2
2
2
2
44 2
2 3
11 2
2
3
2
27 39
2
128
299
2
2
2
2 67 243
2
2
5 2
2
178
2
2 1
2 13
2
2
2
2
2
2
2
2
2
2
2
2
2
2
2
2
2
2
2
2
2
2
2
2
2
2
2
2 281
2
2
2
2 11
2
43 3
2
2
2
2
2
451 28
101
3
2
2
2
2
2
2
2
2
2 124
19
3
113
65
2
2
2
2
2
2
19 2 101 2
2
20
2
2
2
2
11 2
2
2
2
2
2
37 45
2 44
2
2
2
19
193
2
5 2
2
2
128
128
2
2
2
112
2
452 3
2
2
2
2
2
2
2
2
2 9 2
2
2
2
2
2
2
2
2
2
3
39
2
2
2
2
2
2
2
453
182
453
2
2
2
129
104
113
109
2 3
3
3
104
9
2
2
104
244 454 11 2
2
2
2
2
2
2
104
104
2
2
3
3
3
2
2
2
2
2
104
2
2
9
104 2
2
2
113
2
2
104
2
2
104
2
2
104
2
20 2
2
270
2
113
2
2
3
43 3
2
2
2
2 9
2 9 2
2
2
101
2
44 2
2
104
104
104
2
2
2
2
2
2
2
2
2
101
101 2
2
2
2
65
2 109
2
2
3
3
3 43
2 3
2
101
2
2
2
2
2
2 108 67
9 2
43
3
3
2
2
2
3
3
2
2
2 12
2
2 13
2
3
94
101
38 2
38 94 2 270
3
2
9
2
44
2
2
2
2
2
2 205 44
44
2
2
2 301
2
2
2 108
46
2
2
2
2
43
2
2
2
2
2
3 134
393
101
2
2 101
2
43
270
2
20 2 76 398 30
2
2 20
3
2
2 305 5 67 4 20
44
2
2
2
2
2
2
43
2
2
2 112
112
455 2 73
73 208 456
2
2 13
2 9 2
2
20 2
2
2 124
9
2 457 111
2 243
2
2 9
2
1
18
18
2
18
18
18
18
2
42 103 37
2 23 13
2
2
3
2
2
2
2
2
2
458 189 9
20 2
2
2
130 2
2
2
2
2 131
2
102
2
2
37 299 2
11 2
2
2
164
164
164
279
164
2
2
2
3 45 2 26 296
45
2
2
2
2
93
459 253 69
253 69 28 404 69 405 214 206 460
113 2
2
2
13 113
461 2 150 40 41 115 22
2
2
2
5 2
2 205
2 129 462 200
20 2
3
2
463 2
2
2
3 131
2
2
298
2
9 2
2
2
111 45
5 126 67 2
40 44 160 131 115 11
39
3 296 464 154
2 44
2
2
2
2
2
2
2
9 2 305
2
2
9 2
2
2
114 2
2
128
3
2
1
2
5 2
2
2
2
2
2
2
2
2
2
2
2
2
2
29 2
2
2
5 2
2
2
2
44
2
465 466 150 1 2
2
2 13
2
9 2 1 467
2
2
2
204 2
2
3 45
2 13
2
124 2
2
2
5 2 126
113
2
2 468 450 124 115 11
2 67 126
2
2
2
2
3
48
2
2
2
2
16 130
2
2 27
2
3
3
2
44
249 2
5 67 2
2
2
44 125 127 410 469 125
112 2
2
2
2
2
2
2
2
2
2
2
2
2
2
2
3
2
44 404
218 2
2
3
43
2
3
2
93 204
50
50 276 115 131 298
2
2
208
2
2
2
3
2
2
2
2
2
126 5 2 67
5 186 2
2
2
2
2
2
2
94
2
2
2
9
2
2
2
1
2
2
2
5 76 19
2
2
2
65 129
65 129 2
2
2
2
2
298
298 2
45
128
2
2
2
2
128
44 2
2
2
2
219 10 177 34 11
2
337
337
337
2
337
2 337
2
2
2
2
2
2
2
2 8 168 45 19 128 3
2
44
2
2
2
2
2
44 11
2
2
2
2 205
2
2
2
2 23
2 23
2 8
65
277
377
2
2
3
3 2
2
39
2
2
470 2
2
2
56 126 67 2 56 176 5
2
100 27 2
3
69 2
2
2 414
2
2
2
2
2
2
2
15
2
3
8
2
2 5 67 206
2 45
45
45 2
2
2
2
39
2
2
2
2
2
2
2
2
2
2
2 196
3
43
2
2
3
2
2
2
2
2
2
2
2
2
2
5 76 71 67 2
2
453 65
2 176
2 13 124 225 114
2
2
2
2 13 11
2
16
2
3
9 2 20
196 2 109
2
15
19
2
2 471
9 44 19
472 473 44
5 126 67 474 256 4 76 126 2 5
164
3
2
2
2
2
239
2
2
2
2
2 114
2
2
2
2 475
169
2
44 11 12
2
2
2
2
2
2
9
2
9
2
2
2
2
2
2
2
2
39
3
2
2
2
133 2 20 22 167
44
2
2 40
2
2
2
2 9
2
2
44 2
44
2
2
49
2
2
2
43
2
20
2
2
2 44
2
2
43
2
2
2
2
2
2
2
114 2 20
2
2
2
2
2
2
2
9 234 476
112
2
2 20
20 2
2
2
43
2
2
2 1
2
2
2
2 65
2
30 67 2
2
477 2
2
3
3
3
2
2
3
2
20 2
2
2
2
2
2
2 44
102
2
3
3
3 16
2
478 2 1
2
2
2
2
2
38 2
5 2
2
2
3
3
2 479
2 124
2
2
20 2
2
2
2
2
2 15
2
2
2
2
2
2
2
2
2
2
2
2
2 9 2
2
2
3
3
2
3
2 50 65
65 105 50
108 56 2 13 126
13 2
2 13
2
2
2
2 234
9 24 2
14 5 126
3
2
2
279
42
73 2
55
55
55
2 5 76 67 114 2 67
2
114 5 67 2
1
2 44
2
44
2
44 2
1
2
480 2
39
240
240
240
2
240
240
240
8
2
2
2
2
2
2
2
1
2
2
2
126 5 2
5 2
2
2
2
124 2 1
2
2
2
2 73
2
2
2
3
2
2
2
2
3 12
3
3
3
2
16
9
2
2
2 5
2 5 67 56 30 5
43 19
45 3 43
44
109
2
2
2
2
102
102
2
2
50
374
11 103 42
103 42
2 20
2 206
2
2
2
2
2
2
2
2
2
43
2
2
2
2
43
43
2
2
2 112
44
2
2
2 23 5
2 23 5 205 126
2
2
2
2
2
2
2
2
20
2
2
2
2
2
2
2
2
2
370
2
2 9
2 131
2
1 2
2 44 11
2 44 11
2
28
2 113
2
2
2
2 3
3
2
2
2
2
102 44
2 20
2
44
65 2
42
2
49
5 76 481 67 5 481 30 67 105 2
5 481 30 67 105 2 131 115 40
2 44
2
2
2
2
2
2
42
2
2
2
41 2
200 2
2
2
2
2
2
2
2
2 112
113
113
168 112 113 2
113
104 113 104
113
482 2
2
2
2
113 2
2
11 15
15 2
2
44
23 2 20
9
2
2 3
3
3
2
2
2
2
2
2
2
2 3
2
23 2
40 9
5 32 2 57
2
2
2
2
5 2 325
16
2
46 2
2
3
2
2
2
2
2
2
2
2
2
2
9
9
2
28
2
39
2
2
2
9
9
9
9
2
2
2
2
2 67 5
2
67 5 76 2
2 470
2 13
3 2
2
2
2
3
67 2
2
44 124 483 484 485
2
2
2 76 254 42 43 45
328 18
43
374
1
2
2
2 389 2
2
2
2
2
2
2
2 20
2
2
2
2
2
2
2 23
2
43
2
2
2
2
2
2
37
2
2
102 3
2
2 131
2 486 131
2
131 2
2
23 2
2
2
206 43 19
19
19 193
19 193 2
2
2
2
2 111
20
49
1
2
2
2
2
2 124
2
2
2
2
2
2
2
5 126 2
126 2 42
2
2
18 6
2
45
45
2
42
2
2
2
2
2
44
2
67 322
9
2
2
2
2
2 67 5
2
20
2
2
2
2 12
3
2
3
39
2
2 296
2
2
2
2
69
69
69
39
3
2
19 18 152
18 152
2
2
38 2
2
102
19
102
2
2
2
2
2
2 13
2
2
2 45 19 38
3
3
2
2
2
2
2
2
2
2
2
2 42 2
3
2
2
2
2
108 2 76 126
2
2
2
39
150 2
5 2
2
2
2
2
11 36 2
2
2
5 2
487 383 488 489 2 44
2
3
3
2
2
2
3
2
2
2
2
2
2
67 76 2
2
2
2
2
313 490 9 2 9
2
2
2
3
2
2
2
2
2
45
2
19
9
9
111 457 28 491 13
2
2
20
19
2
2
2
2
2
2 101
2
2 19 2 193
2
101
111 129
3
2
2
2
104
104
42
168
2 44
2 1
15
2
43
3
3
3
42
42
2 3
3
2
3
2
2
37
2
2
3
3
3
3
190 44
2
2
2
9 22 342 492
9
3 43
2
2
2
44
2
2
2 169 2 13
169 2 13
3
2
2
2
100 2 24
2
44
9
2 13
2
2
354 353 3
353 3
2
3
2
2
46
43
43
183
43
2
2
2
2
2
2
2
45
45
45
2
2
45
45
13 2
2
2
2
2
73
3
2
3
3
2
2
2
46
68
2
2
2
2
2
103 42
103
2
3
45
19
2
2
2
2
2
2 1 2
1 2
2
2
19
2
2
2
2
2
2
2
2
2
2
2
2 101 2
2
2
254
101 2
2
2
2
2
2
2
2
2
2 131
2
2
2
68
68
2 105
9
2
2
2
2
2
2
2
101 99
101 99
43 99
37
2
2 3 131
2 20 2
2
2
65
2
2
2
2
2
2
2 9
2
3
2
2
241
2
70
2
2
2
3
103
2 453
2
2
2
2
39
164
2
2
49
104 2 493
112 2 44 20
20
2
2
2 20
2
2
2 493
2
2
2
2
2
2
2 125
2
2
2
2
23 2
73
73
73
2
2
2
3
2
2
3
2
2
2
3
11 43 161
41 2
2
2
2
3 19
2
2
2
494 495 496 8
2
103
2 37
73
73
2
103
103
177
2
93
254
2
2
13 2
2
2
2 20
2 20 2
2
2
2 1
3
3
2
43
3
9
2
109
109
2
109
2
177
177
109
2
177
18
16
16
177
177
2
2
2
2
2
2
2
2
2
2
2
2
2
2
2
177
2
2
73
2
2
46
2
2
2 8
2
2
2
2
2
2
2
2
2
2
2
44
44
208
2
2
2
76 5 67 2 131
5 2
2
2 124
6
111 2 253
2
2
2
2
2
38 376 2
403 354 2
2
2
2
2
30 2
2
2
354 2
354 2 5
2
2
2
2
2
2
2
2
2
2
2
2
2
2
2
2
2
67 2
2
2
2
2
2
2
19
2
2
67 5 113
113
2
2
2
2
44 154
2
2
2
44
156 44
2
2
2 44 20 42 16 254 2
42 16 254 2 44 497 498
2
2
2
2
2
2
16 49
2 9
2
2
2
2
2
2
2
2
28
2
2
2
2
241
43
2
2
3
39
39
2
2 20 67 5 333
2
2
2
2
2
2
2
2
2
3
11 19 3
2
2
3
3
2
2
20
2
2
2
499 2
2
2
2 23 76 30 5
44 2 313
44 313
131 3 401
3
19
2
2
8
2
2
2
2
2
3
16
16
16
164
380 2
2
2
76 2
44 93 104
2
2
2
2
3
2
3
2
20
2
150 2 131
3
45
20 2
2
2
20
2
2
2 206 124
2
13 9
208
2 20 5 30 76
2
3 43 2 11
39 2
2
2
2
2
2
2
2
2
2
2
2
2
2 500
2
65
2
2
2
2
2
2 44 46 11
2
2
2
2
2
2
2
2
2 11
2
2 23
15
3
3
2
2
2
2
2
2
2
2
2
3
2
3 2
2 286 144
3
2
9
2
2
2
2 44 2
2
2
2
2
2
2
19 128 19
128 19 45 8
18
18
18
18
18
2
2
114 19 45 128 115 3
270 2
2
2
2
2
2
2
5 67 2
2
2
2
2
2
2
2
2
2
3
43
2
2 501
112
2
2
2
2
51
2
44 129 2 20 129
2
2
2
2
39
39
2
279
2
2
2
2
2 46 44
2
2
2
2
2
2
2
3
2
2
2
2
2
5 67 30 2 114
2
2
2
2 5
2 5 67
2
2
9
8 2
2
2
2
2
2
2
2
2 502
2
2 20
2
2
2
2
2
2
2
3
2
2
2
2
2
5 67 76 126 2
2
2
3
2
2
2
2
2
2
2
2 131
2
2
2
44
2
2
241
2
2
2
2
2
2
2
2 12 46
2
42 152
43
2
2
2
45
2
101 2
2
2
2 5
2 9 67 5
503 2
2
2
2
2
2
2
39
2
2
2
42
2
2
2
20
42
2
2 130
2
147 504 2
2
2 49
6
5 2
2
2
2
2
2
2
2
2
2
2 9
44
254
234 505 46 2
234 505 46 2
7 2
2
2
2
2
2
2
103
103
103
3
103 2
2
103
40 314 16
314 16
2
2
2
2
2
2
3
2
2
2
2
73
2
2
1 2 23
2
2
2
2
2
2
2 37
37
37 94 2
2
2
2
2 20
2
2
3
3
3
2
2
2
2
2 115 506 507 508 286
2 115 506 507 508 286 508
2
39
1 2
2
2
2
2
2
2
2
2
21
2
2
2
2
2
2
101 2
2
2
101
16
16
19 42 19
2
19
3 19
19
94
45
2
3
2
101
2 13
2
43
43
2
2
2
2
2
2
2
3
2
2
2
2
2
2
2
2
2 3
2
2
182
2
2
2
2
2
2
2
2
2
2
2
2
2
2
2
2
44
2 44
2
2
2
2
323 5 126 67 30 2 31
2
2
2 99
3
2
69
69
2
2
2
2
2 20
298
10 2
2
44
44
2
2
2
2
55 509
2
2
2
5 32 2 67
2
19
2
2
2 5
2
2
2
12 2
2
19
133 2
1 42 510
73
2
1 124
2
2
43
2
2
20 2
44
2
2
2
2
2
9
133 2
18
18
8
2
3
44
2
2
2
2
2
2
2
38 2 376
2 204
2
2
2
2
30 2
2
2
5 67 2
2
1
2
9 2
2
2
2
43
204
2
2
5 67 2 11
2 40 11 5 161
2
77 110 28 206
2
2
5 4 67 2
2
45
2
2
2
9
328
3
37
37
37
37
2
2
2
2
2
2
2
2
2
44
183
2 101 26 511
2
2
39
2 5 11
2 11
2
15
8 2
20
2
2
2
2
11 2
2
2
2
2
101 2
2
2
2
2
2
2
2
168
112 2 9
2 9 2
2
2
193 43
3
276 2
13 2 112
2
39
39
39
2
2 94
312 404 69
18
39 100
39
18
18
69
2 93
2 1
2
2
2
2
44
2
183
183
183
100 183
183 100
183
39 284 100 183 100
39
2
2
2
2
2 288
2
2
512 273 1 9 44
273 44 9
2 27 26 513 29 330 514
2 31 186 67 325 105 5 115 4
67 5 185 44
2
2
2
2
2
2 11 13
2
20
2
2
279
2
2
2
43
2
3
2
2
2
2
2
2
44
2
2
2
2
2
2
2
2
2
2
2
2
2
2
2
3 114
3
2 9 44
2
2
2 1
2
2
2
2
19
3
2
2
2
19
130 182 44 9
130
2 130 182 130
182 130 44
2
2
5 67 2 161 40
67 2
2
2
2
2
2
2
2
2
213
24 2
2
2
2
69
2
2
2
45 11
3
2
2
2 131
2 131
2
2
2
38 2
49
2
3
2
2
2
2
2
45
45
45 2 1
2
69 45
515
2
2
2
2
3 161 131 202 11
3
2
314 2 411
2
2
2
2
2
2
19
2
2
2
2
2
3
2
3
3
2
2
2
2
43 3
76 5 2 55 126
2
19 43 193
2 101
2
2
44 2 1
2 1 2
2
2
44 5 419
2
2
2
2
2
2
2
114 3 516 174 131 115 517 518 519 520 521
3
3
3
522 2
2
2
2
2
3
128 45 3
2
3
2
2
2
2
2
2
2
2
39 2
42
2
42
9 2
9 2
2
2
9
2
5 256 2
255
2
2
2
2
2
2
2
2 42
37
2 44 2
2
3
2 523 11
2 171
2
2
2
2
2 131
2
2
3
2
13 2 524 267 29
44
2
2
2
2
2
2
44 2
13 2 40
2
40 131 2
41 3 19
103
2 5
2
2
3
2 5
3
2 20
2
93 525
2 1 44
2 20
1
2 46 44
2
2
27 26 44
2
2
2
13 2
2
20
5 126 5 67 2
2
2
2
2
38 2
2
2
2
2
2
2
20
2
2
2
101
2
2
2
2
3
112
112
2
2
20
2
2
2
2
2
526 1
2
2
2
2
109 44
2
2 20
2
2
2
2
2
2
2
427 527 26 3
527 26 3 128 16
2
111 2
3
2
42
30 126 2
23 2 24
3 2
2
2
45
3
2
2
2
2
3
2
2
2
42
42
42
42
42
2
2
2
2
2
19
49 2
44 73
2
2
2
2
69
21
21
37
37
37
2
2
39
2
2
2
2
3
49 2
49
2
2
51
47
2
19
45
2
2
2
304 39
93
2
205 2 8
5 2 67
5 2 67 2 26 29 268 528 38
2
2
3
3
2
2
68
2
2
2 529
42
42
2
2
2
2
2
2
2
2 281
2
2
2
2
2
2
3
3
3 13
3
3
3
13 3
13 69 2 3
2
2
2
2
41 40 2 1
2
11 2
3
43
2
2
2
2 1
2
2
103
102
2
5 2 32 325 107
2
2
112
65
131 2
2 530 23 13
2
2
2
2
2
2
2
2
19
69
9
2
3
2 9
2
142
2
2
2
30 56 126 5 9
2
3
2
2
531 2
5 65 2
2
2
2
44
81 2
2
2 5 67 126 32 57 30
2
2
48
2
2
2
2
2
2
2
2
254
8
8
2
2
2 38 101
2
2
2 43
2
2
67 2
2
2
2
2
2
2
2
2
2 161
13 2 144
2 3
2
2
9
2
2
42
2
19 43
532 2
2 44 2
2
2
2 100 28 44
65
2
2
73
45
19
2
2
2
2
9
2
2
2
2
101
2
2
2 113 104
2
2
2
2
2
2
2
2
2
2
2
2
2
2
2
2
2
45 2
3
2
3
2
2
3
2
45
12 11 2
2
3
3
2
2
43 11
1 9 533
101 2
2
2
2 11
2
2
2
2
2
2 1 9
2
2
2
2
2
2
2
3
2
2
2
534 2
2
2
2
2
44 535
536 426 2
101
2
76 5 2
2
2
44
2
2
2
2
2
2
2
2
2
2
2
2
2
2
2
15
2
109
2
2
326
2
2 101
42
2
2
2
2
2
2
101
1
298 142 2
2
2
2
2
20
2
2 56
2 56 126
44
537 2 206
2
44
2
2
2
2
2
2
19
19
2
2
2
2 538
2 20 168
2 112
2
2
2
2
2
2
2
42
2 20
2
5 9 2 76 30
2
2
2
2 20
44 2 93 13 220
9
2
128
2 9 2
2
2
2
2
8
2
3
3
2
9
2 20
20 2
13 2
39
2
2
2
2
70 49
70 49
2
16
9
42
42
42
2
2
16
16
2
2
2
42
2
2
2 9 185
2
2
48
2
1 2
2
44
16
102
2
2
2
42
2
19
2
9
2 9 99
65
2 1
2
3
2
2
16
16
16
24 73 5 67
2 113
2
112
2
101
539 540 436 190 191 44
2
3
3
3
3
3
2
2 286 101 5 76
9 124 11
44 122 124
2
5 67 2
67 2
65
104
2
2
8 2
2 12
8
8 129
129
2
12 2
2
2
2
3
2
2
2
2
2
2
2
2
112
65
2
2
189 2
2
2
2
2 541
2 1
2
2
2
2
2
11 2
101
45 3
2
3
2
2
2
39
13 2
131 2
2
2
2 19 45
16
2
2
2
20
9 8
18
2
2
16 49
2
2
2
2
2
30 5 2
2
2
2
2
2
2
2
2
3
2
3
3
3
2
2
2
9
3
2
2
19
28
2 44
2
2
2
2
2
2
93
100 102
2
44
2
2
2
16
44
44
2
2
2
2
2
2
3
2
39
44
43
2
2
2
2
2
2
2 124
2 37
37
8 2
2
3
2
16
5 2
2
2 354 12 131 148 145 379 542 438 115 424 543 190 544
2
2
2
2
2
2
44
2
2
2
2
2
2
2
2
2
2
2
2
2
2
2 9 2
2 9
2
142 2
9
9
2 9
2
2
41 2
2
36
2
2
56 49 70
70
70 16
70 49
49 39
102
102
102
70 16
2
2
2
253 69
39
39 102
2
2
2
67 545 5 545 5 2
2 9
2 9 2
2
2
2
2
2
2
2
2
2
2
2
2
2 202 40
2
2
2
2 19 2
2
2
2
2
2
2 108 56 67
2 13
270
270 42
2
2
2
2
2
23 2
43
2
111 2
2
2
2
2
65
2 8
101 2
2
2
13 2
2
2 20
2
2
3
2
2
2
2
2
2
2
2
2
2
69
32 107 2
2
204
2
2
2
131 19
131 19 2 8
2
2
3
2
36
2
2
69
2
2
3
2
2
1
2
49
49
49
49
70
49 18
2
104
65 104 2
5 2
111 2 3 413
3
93
2
2
128 19
2
42 2
2
2
2 20
3
2
3
2
2
2
2
2
2
2
2
2
2
2
2
43
2
43
15
546 547 380 2
9 2
2
2
2
3
2
2
2
2
13 3
2
2
2
2
2
2
2
2 20
2
2
1
3
2
2
26 268 265 39 100 548
206 2
206 2 44
2 131
2
2 131
2
65
2
2
2
67 2
2
2
2
2
2
2
44
93
2
2 11
2
2
2
2
2
2
2
3
2
2
2
2
2
2
2
2
2
2
2 20
2 20 2
9
2
298
2
2
2
2
2
2
2
2 38
2
2
2
2
101
2 11
2
2
2
2
2
2
18
18
18
2
70
70
2
11 70
16
3
3
2
2
2
2
3
2
129
13 2
3
2
2
2
2 5
19
2
2
2
2 131
2 131 40 160
128 2
2
2 124
2
2 9
2
2
5 3
5 3
2
2
2
2
2
2
2
2
2
2
69
44 99 12
2
2
65
2 3 40
39
2
100 2 133
2
3
20 1 2 30
2
8
20
101 20
20
2
2
5 126 2 41 131 11
42
2
2
2 5 67 378 260
2
2
44
2
2
9 549 550 549 550 551
2
2
2
44
16 2
50
44
2
3
2
2
2
2 20
2
2
47
2
2 3
3
2 220
2
2
3
2
2
2
2
2
2 124
2 176
2
44
124 2
124 2
9
2
2
2 20
2
2
2
2
44
102
3
3
2
20 2
2
2
2
2
3
2
2
2
2
2
2
2
2
2
2
2
9
2
73 2
2
2
2
19
19
36
2
2
548 2 264
45 43
124 46 2
55
2
2
2
2
2
2
2 460
2 101
3
3
44
2
3
2
44
2
76 2
70
16
2
73 23 25
3
3
2
2
3
2 175 157
2
3
2
2
2
2
45
2
2 44
2
101 2
101
2 11
2
2
2 288
2
2 552
2
2
2
3
43
3 2
2
2
2
2
2
2
2
2
370
2
397 9 2
2
9
2
2
56 2
124 2
3
2
2
2
2
2
2
2
11 44
39
2
2
93
45
36
43
45
2
67 105 2
2
2
128 19 43
2 67
2
2
2
2
2
2
40 2
2
2
2
2 9
2 9
2
9 553
41 9
9 553 41
2 553
2 553
2
2
44
2
2
2
2 11
2
2
2
2
3
44
13 220 2
2
107 2
3
43
2
2
2
2
2
2
2
2
2
2
2
2
2
2
3
2
2
2
1 2
2
2
554 555 556 2
2
354 44 2
44 11 449 171
2
2
2
2
2 112
112
112
112
2
2
2
11 2
2
404 111 404 69 28
409 404 2 312
2
2
2
2
2
2
130
182
3
2
44
2
2 20 41 1 9
70
70
3
2 11
43
2
44
2 44
2
2
2
2
9
2
19
2 100
2
2
2
2
2
2 67
2
2
2
44 2
2
2
2
2
5 126 4 2 40 131
2
39
9
2
2
2 11 26
142
142
2
2
114 5 67 2 13 176
3
3
3
2
2
2 204
65
3
2
2
2
2
2
2
2
2
2
2
2
2 9
2
67 2
2
2
2
100 39
100 68
39
2
2
2
2 115 125 557 109 558
2
2 44
109
19
5 4 2
2
3 128
2
2
2
2
2
2
2
2 128
128 15
2
2
3
67 5 126 76 2 13
2 111
14
3
2
2
2
5 67 2
2
2
2 9 67
2
2
2
3
44
2
2
67 105 2 14 243 5 27
28 220 27
2
44
2
2
2 5
2
3
2 123
2 20
240
2
3 43 3
2
2 13
2
14
2
3
2
2
37 2
2
2
3
2
2
9
2
2
30 5 67 2 20
2 20 2
2
2
3
328
2
2
9
49
42
2
2
2
2
50
19
2
3
3
73
2
3
2
2
2
2 101 44
2
2
2
2
2
2
2
2
2
2
5 2 44
2
2
2
111 19 45
19
2
2
2
5 2
2
2
49
2
2
2
2
2 20
2
2
2
2
2
2
19
19 2
2
2
2
2
2
2
2
2
2
3
3 43
3
2
3
2
559
560 2 5 126
561 562 43 3 2 101 46 2 5 67 43
11 99 46 2 1
44
2
2
65
453
46
1
1
1
1
2
1
1
2
2 13
2
2
2
2
5 2
5 67 2 5
2
2
129
2
2
2
2
2
2
2
2 5 161 67 161 417
2
2
3
44
2
2
16
2
2
24 2
2
50
109
2
262 397 262 9 2 1
2
2
2
2
2
2
2
2
2
2
2
2
2
2
2
2
2
2
2
2
2
2
2
2
2
2
2
2
3
2
2
2
2 108
2
2
2
2
2
2
2 133
21
21
337
337
563 2
313 337
337
47
47
337
2
8
2
47
208
337
337
208
42
337
2
313 337
47
2
2
2 39 226 100 564
115
268
2
2
565 2
2 405
2
2
2
2
2
2
2
19 2
102 39
2 3
566 2 567 44 557 439 294 261 397 568 569 570
2
94 37
2
2
131 40 2
2
2
2
2 101 9 67
2
2
2
102
2
2
2
2
2
2
2
2
2
128
3
2
102
102 42
2
2
2
2
2
2
2
101
2
2
2
2
2
2
2 101
2
2
2
2
2
2
2
2
101
2
2
2
3
2
26 101
18
27 28 27 278
28 27 278 27
2
2
3
2
3
2 567
2
2
2
2
68
3
3
2
2
2
2
3
2
2
2
2
112
2 19
2
2
2
2
2
2 101
2
2
2
2
2
2
2 5 4 108
2
2
2
2
2
2
2
2
270
2
2
39 41
39
42
42
42
42
39
254 277 377
39
39
277
39
3
3
42
42
39
42
42
39
270
183
270
42 100
9
2
67 44 3
43 3
16
2
2 423
2
2 44
2
124 2
2
2
253 312 2
114 19 2
42
42 19
2
2
2
109
2
2
2
2
2 15
114 108 5 67 571 108 56 4 2 55
5 67 571 108 56 4 2 55 2 572
18
16
2
2
2
2
19
24 104 130
9 1 2 67 30 5 1 9
2
2
2
5 2 26
2 26
2
2
2
65
3
133 3
2
2
241
326
326
2 20
313 9
573 2
573 574 2 573
19
19
44
19
19
43
43
43
43
19
19
2
2
2
45
138 49 10 575
4 2
5 105 30 2
2
2
2
2
2
43
2
2
2
2
2
69
2
3
2
5 67 2
2
39
2
44
2
65
2
2
2
44
2
2
44
44
2
2
2
67 2
13 2
2
475 2 576
2
2 115 40
2
15
2
2 11
44 2
2
2
2
2
2
45 19
19 2
44
2
44
2
21
68 2
185 30 5 2 109
2
2
41 2
41 2
2
2
2
2
2
2
2
2
2 5
62 114 577 578 32 325 9 2 131 115 311 3
2 44
2
2
11 49 219 10
2
19
19
3
3
2
2
2 20
2
2
3
2
39
39
39
39
5 2
2
2 13
2
2
2
9
2 20 380 512 579 580 512
2
2
2
2
2
131 9
9
2
2
2
2 3
16
16
2
16
16
16
16
16
16
16
16
16
16
16
16
16
16 93
93
2
2 11
2 11
581 2 62 63 5 196 77
2
43
76 2
2
2 20
39
2
3
3
3
2
131 2
2
2
39
3
2
44
2
2
2
15
2
2
3 115 2
101
2
2
2 12
2
2 204
26 526 28
2
2
2
2
2
2
2
2
2
19
19
19 3
37
43 42
2
101
9
97 2
2
2
2
2
2
1
44
2
2
2
73
2
2
3
2
56 2
2 337
2
2
2
2
2
204
2
43
2
2
2
2
2
2
2 22 582
2
2
2
2
2
2
2
67 2 104
2 22
2 20 115 5 76
2
2
3
2
2
2
2
2
2
2
2
2
2
2
2
21
39
5 2
2
2
2
2
2
2
39
39
2 40 20
71 126 5 572 67 2
2
2
2
101 2
2 101 583 2
2
3 2
2
2
2
2 45 3
2
2
2
2
42
5 2 76 67 23
44 2
2
2
3
2
2
2
19
2
2
253 2
2
2
3
133 584 3 115 43 141 140
2
2
2
2 22
2
9
368 9
2
2
2
16
2
55
2
55
2
168
2
18
585 2
2
3
2
2 115 131
2
19
1
19
16
3
221
221
221
178
16
130
130
3
2
100 183
2
2
2
2
2
2
9 2
2
2
2
2
2
2
13 2 131 41
68
3
3
101
2
2
2
2
2
2
391
391
391
2
2
2
2
2
2
2
2
2
43
43
3
2
2
44 292
38 18
3
2
2
2
2
2
2
2
2
2
2
44
19
2
8 23
2
73
2
49
43
254 193
2
2 20 2
102
39
2
425 2
44
2
43
43
2
2
2
2
18
43
43
2
3
44 275
2
2
2
19
2
298
16
2
2
67 2
2
188 187 136 444 2
2
182
94
73
113
20
2
101
2
2
2
2
2
2
2
2
2
2 13
2
2 26
2 44 2
101
12 10 219 138 16 169 104 113 50 2
2
2
586 587 65
2
16
2
2
2 44 5 323
11 3
2
2
2
2
38 2 114 243
38 2 1 44
2 114
2
2
38 2
38 2
38 2
2
2 114
2
3
2
5 2
2
2 20 206
2
2
2
2
2
2
2
2 44 2
2
2
2
2
2
5 67 2
9
2
2
2
2
2
2
2 22
2
2 40
2
2
2 46 2
11 2 8 2
2
2 146 13
11 2
2
2
2
2
2
3
2 44
2
2
2
2
2
2
2
2
2
5 2 65 124
2
2
39
43
43
2
2
44 2 49 10 11
2
3
2
2
2
2
2
2
2
11 2
2 1 2 44
2 1
2
2
3 43
44
2
3
3
2
2
2
3
2
3
2
2
2
2
2
2
2
2
2
44
2 65 2
2
2
2
2
2
2
2
2
2
2
2
2
2
44
1
9
9 2
1
2
101
1
43
2
2
2
2
2
16
16
16
16
16
16
16
16
16
16
70
15
2
3
2
183
183
183
39
183
103
26 2
2
2
2
2
2
2
2
2
39
42
2 93 5 126 30 108 288
2
69
19
19
112
112
182
182 104 65
182 104 65 164
164 178
47
182
182
2 45 2
2
2
2
2 20
2 93 20 23 313
2 313 101
11 2
2
2
2
2
2
42
2
2
2
2
46 2
2
2
2
2
2
2
2
2
2
2
2
9 2
2
12 2
2 48
2
2
2
2
100 39 102
102
39
102
102
102 103
102
2 298
3
2
2
2 9 2
2
2
2
100 39
2
2
43
43
3 43
6
2
2
3
50
50
129
2 44 40
44
2
2 23
2
2
3
2
2
2
2
2
48
2
113
113
3
2
43
113
2
2
2
2
3
3
99 3
2
2
2
2
101
2
101
2
2
2
5 2
2
2
2 168 20 2
2
2
2
2
2
2
2
2
2
2
2
2 9
5 2
2
2 1
2 1 2
2
20
2
2
2
2
2
2
2 7 20
2
2 169
2
2
2
2 112
50
2
2
2
2 523
2
2
201
19
19
2
2
2
2
113
2
2
65
2
2
2
2
2
2
101
2
2
2
2
9
2
20
277
40 588 589 590 2
2
2
2
2
2
2
2
2
2
39
69
5 126 67 2
126 67 2 13
70
2
70
49
49
70
2
3
3
2
41 2
2
2
102
2
3
2
220 3
65
2
2
2
2
2
2 26 296 13
305 3
3
2
2
2 23
42 103
45
3 2
39
2
3
2
2 9 2
2
109
109
2
2
3
2
2
42
2
2
2
43
2 38 411 160
65 2 65
2
1
2
2
19
2
2
2
2
9
2
3
55 24
44
2
101
65
93 196
2
2
2
2
2
2 101
6
2
2
2
5 55 2
2
2
19 3
2 12
2
2
2
2
2
2
2
2
2
2
2
12 19
2
2
2
11 103
103
103
103
103
42
103
3 100
3
44
2
2
2
2
2
2
2
43
2
2
2
2
2
2
2
44
2
3
3
18
2
2
13 2 11
2
2
2
20
2
296 9
591 570 2 557
570 2 557 2
1 2
2
2
2 94
2
8 2
2
2
2
2
2
2 1 2
2 9
2
2
2
2
2
2
2
2
50
2
9 122
2
46 11
2
2
2
2
2
2
2
2
2
2
2
2
2
2
2
2
2
2
44 9
2
2 299 2
2 37 2
2
2 9
37 2
37 2
2
2
37 2
2 44 206
111 2
2
2
2 37
2
2
2
2
2
2
2 9
9 254 270 2
254 270 2
2 9
44 9
2
2
65 2
2
2
65
2
2
2
19
3
2
3
2
2
2
2
2
2
2
3
3
2
2
2
2
2
337
2
2
2
2
2
2
2
2
2
2
2
2
2
2 13
2
2
2
2
39
2
2
126 2 67
2
249 592 2
249 2
2
2
2
593 44
2
2
2
2 9
2
2 204
2
2
2
2
3
2
9
70
3 43 415
30 2
5 126 2
2
5 30 2
2
2
100 2
2
186 5 2
2
2
2
44
2
2
2
2
187 2
114 2 44 22 167 41 131 115 72
2
3
3
43
2
2
2
2
43
2
2 44
182
2
2
2 22
2
9
44
2
2
2
20
2
2 67 5
2 67 5
2
8
8
2
20
42 111
2
3
9
131 2
2 20
2
45 19
2
2
2
2
2
2
2
2
2
2
2
19
2
2
2
2
2
2
2
42
2
2
2
2
2
2
2
2
2
2
2
101
164
2
2
2
2
2
2
2
2
43 3
2
2
2
2
2
2
2
2
2
2
129 2
2
2
2
2 9
2
44 115 594
2
2 1 5
3 193
2
171 1 445 101 2
3 2
9 289 380 354 567
2
169 204
30 5 2 67 40 46 160
142
9
142
2
2
413 595 2
3
2
3
68
2
101
2
2
9
2
2
2
2
2
2 8
2
2
2
2
2
2
2
2
2
20
2
2
2
2
2
2
2
69 596
2
101
2
2
5 108 30 2
597 598 282 599 600 601 602 603 604 2 101
2
257 2
2
605 2
567 2 168
2
2
2
2
2
2
2
2
2 13
2
13 2
2
2 20
2
2
5 2
2
2 5
3
2
19
2
2
2
2 38
2
2
2
12 406 244 11 93 2
44 2 67 5 76 571 5 606
44 286 536 286
3
2
2
3
13 2
2
113 470
2 101
2
2
2
2
2
2
2
5 67 2
5 67 2 9
2
2
2
2
102
44
2
2
3
39
2
42
42
42
11 2
2
2
2 13 607 64 498
2
2
2
2 93
2
69
3
270
2
2
2
2
2 65
2
3
3
3
3
2
19
42
2
2
2
101
2
19
2
208
2 20 2
3
3
42 2
2 13
112
3 2
2
2 20 2
2 44
69
42
2 93
112
2
43
2
2
2
2
2
2
2
2
68
2
2
2 20
3
2
2
2
2
2
2
2
277 128 277 128
277 128
2
2
2
2 42
3
2
3
39
2
93
2
2
2
2
2 147 206
113
5 2 59 243 108
2
2
101
113
2
2
2
93
69
2
2
2
2
2
2
2 234 154
2
2
2
2
1
129
2
18
178 2
2
2
2
2
2
42
2
2
39
49 70
70
3
2 46 8
2
2
43
2
2
2
2
18
131 2
2
2
3
3 370
2
2
181
2
2
2
2
45
2
2
2
19
2 122
2
2
2
2
20
103
2
2
2
2
2 8 3
2
2
2
2
2
2
2
131 2
2
2
2
2
2
2
2
2
2
9
2
4 5 126 56 67 108 30 2
2
2 20
2
2 206
2
2
2
2
2
69
18 2 76
2 18
67 18
2
2
19
20
30 5 67 2
103 39
39 102
2 104
2
2
67 5 2
9
298
2
2
2
19
2
2
2
93 2
2
2
65
2 20 36
3 43
2
2
2 24
2
608
2
2
4 5 2 5
9
2
2
2 20
2
2
44
2
2
2
2
2
65 2
71 30 126 5 205 2 23
2
2
2
2
2
2
2
2 609
2
5 2
3
2
2 76
15
2
2
2
18
18
2
2
2
42
2
241
2
13 220 44
2
20 2 9
2 9 44
57 176 55
179 176 9
2
2 101 2
20
2 20
2
20 2 44 104 50
2 50
50 2 20
2 20 2 20
2 20
109
2
2 20 2
412 42 414
2 55
2
2
2 20
2
2
20
2
20
109
32 5 205 2
2
2
2
2
2
2
2 5 108 323
2
2
2
2
2
2
2
20 2
2
18
2 578
20 2 20
2 20
20
2
2 9 610 611 612
2
2
19 45 3
3
122 19 45
164
3
3
169 2 44
2
2
2
37
45 128
39
39
2 357
43
2
2
2 613
2
2
2
11 3
3
20
2 11
2
2
2
2
2
2
2 44 41 40 160 131
2 20 13 220
3
2
2
2
2
2
2
2
2
2
2
2
2
2
2
2 152
2
2 614
2
2
43 3 43
43
11 2 30 108
2 5 30 57
2
65 2
2
45
45 128
128
2
2 20 9
9
2
2
2
2
3
2
2
2
3
2
37 201 2
2
2
2 37 2
37
6 15
128
2
20
2
2 9 71
2 76
2
2
2
2
2
2 13
2
69 2
9 69
2
3
2 38
2
2
3
3
615 2
65
65 2
21
21
5 2
3
3
3
2
2
42
43
2
2
2
2
2
2
19
73
2 101
2
2
2
2
2
2
2
2
2
2
3
2
2
2
37
2
2 9
2
2
2
2
2
2
2
2
2
2
2
2
2
2
2
2
2
2
2
2
2
2
2 101
2
2
2
204
102
2
2
2 131 40 41
2
2
2
5 67 126 2 1 13 220
55
2
2
2
2
2
43
2
2
2
2
2 270
2
2
2
2
2
2
2
46 9 8 2 46
2 46
46
8 616
2 46 124
101 2 8 46 44
46
46 2 46
2 46 2
46 2
2 46
46 2 46
2 46 44
8 46 124 2
2
2 46 101 46
46
2
2
2
2
2
2
2
2
2
2
8
2
2
2
127 138 49
3
2 20 2
20 2 43 193 2
43 193 2
67 2
3
2
3
2
112 298 65
2 104
1
2 20
2
2
43
2
43
20 1 2
2
2
2
2
138 49
2
2
2
9 11
3
2
2
2
19
3
2
2
3
2
213
2
2
103
9
103
2
2
2
2
2
2
2
2
2
42
2
2
2
2
2
2
2
2
2
2
2
2
2
2 44
2
2
2
2
2
2
2
2
3 43
3
182
182
2
2
2 9 2 74
2
2
2
9
1
73
73
42
73
73
73
73
240
3
2
2
2
205 5 30 67 31 2 114
3
3
3
39
39
193
3 193
2
2
2
2
2
2
2
2
2
2
2
2 270 37
327
104 65
28
2
45 43 3
2
39 100
2
111 18 15 2
2
2 5 67 5
131 38 2
38 2
101
101
101
101
2 101 23 20 2
101
101
2 101 2
101 2
2 101
2
2
5 101 44
101
2
2
43
206 2
46
46
67 2
2
2
2 22 167 22 220
244 301 11 44
2
3
2 29
37 2 114
2
2
2 5
2
2
2
2
2
2
2
617 2 20 5 44 1 67 114 313
2
2
2
2
2
2
2
2
2
2
2
2
2
2
2
2
101 3 157
3 2
2
2
2
2
2
2
2
2
2
2
2 40
279
23 24 2
2
2 65
42
2
2
101
2
2
3 413
2
2 117
2
2
2 9
2 22
2
2
3
2 101
2
2
2
70
2
181
241
5 76 4 2
2
2
2
2 112
2
68
2
2
2
3
2
2
3
2
2 20 9
43
2 152
2
2
2
2
2
2
2
44 2
2
2
2
2
6
101
131 2 11
44
93
124 44 2
2
2
2
2
3
2
2
3
43
23 2
2
2 5 30
2 131
2
2
2
2
2 71
3
3
2
2
2
2
49
2
2
2
2
1
2
2
2
44
2
2
2
2
44 2 124 206 459 111
111 9
2 97 98
2
20 2
2
2
39
16
2 20
40 161 174 3 2 313 110 300 13 266 265
2
2
2
2
39
2
2
2
2
2
2 93
3
2
45
45
2
2
2
2
2
2
2
2 45 19 2
2
2
2
2
276
2
3
2
3
2
2
2
2 20 1 2
2
2
101 2
2
2
2
26 28
2
2
2
2
2
2
2
2
2
2
5 2 13
44
5 76 2
114 2 20
2
2 76 5
2 76 5 98 5 67 2
98 5 67 2 65 113
2 65 113 2 9
2 9 44 9 150
2 112
2 46 523
2 46 523 618
2
2
2 38 175
2
2 93
2
2
3 11
2
3
2 22 167
39 2 112
2
2
2
2
2
2
2
2
2
2
93
2 9
2 20
2 101
20
2
2
2
2
1
2
2
2
2
2
2
9
2
2
2
2
2
2
2
2
2
2
2 129
2
2
2
2
2
2
49
2 44
2
2
2
164
164 104 2
3
2
2
2
2 1
101
2
2
2
2
2
2
2
2
2
36
36
2
2 31 186 5
2
2 11
2 11
11 2
2
2
2 20 9
498 1
11 2 11
2 11 2
11 2
2
11 2
2
2
11 2
2
20 2
2
3
2
2 3
2
2
39
2
2
2 101
2 619
2
2
44 186 108 186
57 186 2 67
2
2
2 567
2
45
37
3
101 15 2
2
2
2
2
2
2
2 131
2 44
3
2 5
2
2
2
2 7
2
2
2
2
2
176 2
70
2
2
2
2
2
2
2
2
2 73
8 2
2
2
2
2 44 131 115 2
2
2
2
2
2
2
2
2
2
11 49
2
128
2
2
2
2
2 93
265 45 11
3
2
2 97
114 108 30 5 205 2 76 4 67
2
2
2 44
39
2
2
2
2
2 5
2 313
620 126 5 205 71 5 30 205 56 126 2 13
69
69
69
3
2
2 9
2
2
2
101
97 2 176 481 5 55 11 621 99 454
2
220 13 2 196
2
2
2
3
2
2 20 65 104 3
65 104 3
2
2 131
39 100
2
2
176 39 622
2
2
2
2
2
2
2
2
2 1
5 108 56 303 2
2
2 100 264
2
39
623 2
131 38 2
76 2 105 5
2
67 5 1 2
5 1 2
2
2
2
2 112
2
2
2
2
2 102
2
2
2
2
2
2
2
2
2
2
2
44 20 2
20 2
114 63 5 67 62 2
63 5 67 62 2
2 20
2
2
2
108 2
2
2
2
2
3
3
44
16
44 3
3
2
2
97 624 2
2
2
2
2 185 5
2
16
16
16
44
3
401 3
3
3
3
3
3
2
20 9
2
2 150
2
39
13 2 20
2
2
2
2
2
2
2
16
164 16
16
2
2
2
2
2
69 253
2
2
43
3
608 23 625 470 24 67 5 108 30 4 76 205 114
2 44
2
2
2
2
2 44
2
19 3
3
97 2 5
2
2
9
2
2
2
26 2
2
2
2
2
2
2
2
2
2
9 221
221
241
241
241
241
241
241
241
221
221
221
221
241
2
241
241
2 124
2
2 13 124 152
2
15 454 125
150 3
12 626 11 2
9
2
627 39
284 103
103
39
2
2
2
2 44 2 44
2
2
2 44
2
207 68
2
3
2
3
311 131 2
2
2
2
2
65
2
20
43
2
39
9 2
2
2
9
2
2
3
2 196
2
2
2 44
2 44 3
3 2
2
2
2
2
2
2
13 628 2
2
2
2
2
2
2
2
2
2
2
2 24
2
169
2
2
2
2
2
2
2
2
39
2 5 67 76 234
2 5 67 76 234
2
2
2
3 2
3 2
3 111
2
2
45
2
2
104
2
2
104
104 2
2
2
2
2 101 104
2
2
44
2
37
2
2
3
2
2
2 178 24
104 187 441 629 7
3
2 5 108 2 4 5
2
2
2
114 126 67 5 2
113 104 2
19 128
2
2
5 2
5 2
2
2
2
2
2
16
2
2
2
2
2
3
2
2
322
50
65
138 49
2
2
2
3
2
2
93
2
2
2
2
2
2
44 131
2 11
2
2
2
2
44 3
2 20
2
2
2
2
2
3 13
3 13
2
2
16
2
2
103 42 103
103
2
3
270
3
2 131
2
2
3
3
3
3
2
2
2
2
2
2
2
5 2
2
2
2
2
2
24 2
44 2 3 115 131
2 20
2
65
2
2
2 101 2
234 2
2
2 20
30 4 30 2
2
2
2
178
2
3
76 2 5
30 5 67 4 126 76 185 107 2 20
2
2
2
2
2
2
44
2
2
2
2 8
2
2
2 234
2
2
2 7
2
2
9 22
2
2
2
103
9
2
3
5 2 67
13 2
2
101
2
2
2
43
43
43
3 115 131 115 46 2
43
43
43
43
19 43
3
2
2
2
2
69
2
2
2
2 350
2
2
2
2
2
2
2
2
2
2
2
2
2
2
68
69
2
2
2
16
19
2
19 11 2
11 2
583 2
2
2
2
2
2 44
12 43 3 131
2 43 5
5 2
2 41 40
2
2
2
2
30 2
2
2
2
2
8
77 42
100 69
113
18 13
113 2
2
2
2
113
113
2
2
2
2
2
2
2
2 30
2
2 20 2
2
2
2
9
73
73
2
2
2
3
2
123 2
3
2
102 11 122
103
2
2
2
2
69
3
2
2
2
2
2
2
2
2
2
2
2
3
2 370 46 193
370
46 2 46 9
2 46 9 2
2
46
2
9
2
2
3
44 2 5
2
3
2
2
2
2
3
30 5 67 2
161 2
2
2
16
2
2
2
37 176 256 5
2
1 2
2
94 37
2
2
2
2
2
168 112
2
2
225 67 5 2 9 100 131
2
20
2
2
2
2
220 19 43 19 43
19 43 19 220
220 19 3
19 3 193 19
193 19 3 19
3 19
19 1 124 220
19
19 45
43 3 19 43
19 43 45 19
19
19
19 193 43
19
19 3
19
19 43 128 220
220 128 19 45 128
15 128
128
220 19
343 19
343 19 220
19 43
19
128 19
19 43 19
19
43 19
220 19
19
19
19
15
19
43
19
19
43
19
19
43
93
103
5 2
515 94
12 10 11 42 38
2
2
39
2
2
42
2
3
3
2
2
2 20
2 108 5
2
2
1
2
2
2
2
2
2
2
2
2
2
630 2
2
2
2
2
2
2
2
2
2
2
2
4 126 5 2 20
2
2
2
2
40 2
2
19
11 3 161
67 107 5 2
2
101
2
2 8
2
2 9
2
2
21 3
19
2
2
3
2
2 13
2
11 2 131
2
2
2
16
2
2
2
2
6
126 2 67 2
2
2 100 631
101
2 9
2
9
2
2
2 13
2
2
2
49
220 47
19
370 414
39
2
2
2
2
2
2
2 5 122 187 7
2
73
73
2
2
2
2
4 9
2
2
2
2
2
2
2
2
2
5 2
2
2
44
127 12 11 15 19 3 2 9
2
2
2 20
2
3
2
1
2 44 1
2
2
2
2
2
5 67 2 97
2
2
126 2 5
2
45
2
2
2
2
2
2
2
2
9 12 11 2
632 2
2 5
40 41 2 5 126 11
19
2
2
2
2 5
2
2
71 55
3
19
2
3
39
39
337 196 13
19 157
111 2 76 572 205
2 312 633
2
2
13 482 2
2 22 124 69 13
2
2
2
32 2
2 111
2
2
131 175 3 45 19 11 202
2
2
5 76 30 2
2
2
2 255
2
2
44
2
2
11 44 2
2
2
2
2
2
634 2
2
3
3
3
18
3
43 3
42
3
2
2
5 4 323 2 67
2
45
2
3
2
2
2
3
30 2 97
69
3 19 193
193 2
2
18
2
49
18
18
18
2 276
43
2
56 2 67
2
2
2
2
2
39
2
9
2
11 3
2
12 3
3
3
3
3
2
2
2
2
2
16
16
2
2
2
2
3
40 68
44 2
19 3 21 40
2
2 635
23 2 20 2
2
9
2 93
2
2
2 5 67
2
128 19 45
2
2
8
2
2 15
6
270
3
2
2 1
2
3
2
2
2
113 104
13 2
2
2
2
2 44
44
2
2
47
2
636 44 468
44
2
2
2
2
67 5 2
3
19
3
2
9
2
5 2
2
2
3
3
19
2
3
2
2
3 43
21
21
19
2
2
2
2
2
2
2
2 206
2
1
2
2
2
2
2
2
130
548 103
2
2
2
2
2
2
2
45
39
2 101 2 23
2
2
2
42
2
102
130 142 168 142
93 299
168
2
2 20 19 43
2 9
8 2
2
2
2 69
254
2
2
2
2
2
113
76 5 126 67 2
3
3
36
3
2
2
2
2
3
2
2
2
2
2
2
2
2 122
2
2
2
2
2
2
2
2
2
2
101
2
2
1 44 2
3
21
44
96 637 373 638 97 81 639 5 4 126 2 56
2
2
2
2
2
2
2
2
42
44
2
2 128
128 3
2
3
2
2
19
193 45 193
45
2
2
2
2
2
2
2
2
2
2
2
2
128 254
2
44 115 2 3
44
2 44
2
2
2
18
2
183 42
2
2
2
2
2
2
2
2
15
128 2
2
2
67 5 126 2 13
5 67 4 126 2 19
2
2
3
3
2
2
44
2
2
2
2 114
2
2
47
640 357 3
3
2
2 145 502 5
9 2
2
2
13 2
13 2
2
2
16
2
2
2
13 2
2
39
39
126 2 67
2
2
2
2
2
2
2
3
3
2
2
41 2
2
2
2
112
2 205
2 20 9
73 2
73
2
2 20
2
2
3
3
3
2
3
2
2
2
2
2 19
2
3
2
3 43
3
21
3
3
2
2
2
2
44
9
2
2
2 20 1
2
2
2
42
2
2
3
43
3
3
2
2
2
2
2
50
2
2
2
2
47
2
3
3
2
2
254 3
2
299
2
2 12
2
2
2
2
2
2
46
44
39
3
2
2
2
2
2
2
2
2
3
2
2 37
2
1 2
2
2
2
2
2
2
2
44 2
2
2
2
2
2
20
114 67 2 5 76
2
3
2
2
2
2 641
3
3
2
2
2 77
642 60 62 5 2 23 503 13 77 336
5 2 23 503 13 77 336 206
2
9 2
42
131 2
131 2
39
2
2
2 20
44 2
2 20 22
2
2
2
2
2
130 643 644 645 248 13 646 647 648
649 130
130 650 59
2
2
3
2
2
199 380 44
2
2
627 3
2
2
2
45
2
2 9
2
3
5 2
2 9 2
2 131
143 67 2
2
2
22 2
2
2
3
2
2
2
5 126 2 67
2
2
2
204
374
2
2 5
12 626 406 138 10 49 11
2
63 2 5
2
2
2
2
2 12
2
2
16
5 126 2
9
2
2
3
2 46
43 3 43
3 43 3
101
2
2
2
2
2
16
2
20
5 2
100 622 183 39
2
2
2
2
2 129 2
2
9 2 20 44
2
2 20
2
2
2 144
2
2
2
2
2
3 68
2
43
43
2
2
2 13 159
19
45
45
45
2 45
2
16
16
2
2
68 2
2
2
2 43 3
43
2
2
2
2
38 2 9
2
38 2
38 2
2
2
2
2
72 2 111 651
2 519 152
2
171 44
2
2
2
2
2
2
2
2
2
2
2
2
2
44
2
2
2
2 313
2
276
1 2
2
2 19
2
2
2
2
2
127 11 2 65 2
84 2 652 653 654 121
2 20
2
2
20
21
3
18 328 15 2
2 101
2
333 76 2 67
2
2 127
3
2
3
2 1
2
2
2
2
2
73
255 73
1
2
3
2
2
2
2
2
2
2
2
43
2
2
2
2
2
2
2
2
2 125 115 523 618
2
45
2
2
2 128 45 19 43 3
2
44
2
37
76 2
45
45
6 241
6 18 328
2
2
2
2
655 113
38 2
2
3
3
3
3
2
3
3
3
3 2
42
2
2
2
2
2
2
2
2
2
2
2
2
2
2
2
2
2 1
2
2
2
2
2
2 20
20 2
2
2
2
2
2 46
2
2
2 656
1 2
2
122 44 9
2 122
2
2
2
3 2
657 145 3
2
12 2
2
15 338 124 67 126 5
126 2
13 55 2
2
2
2
2 5 67 185 1 114
2
2
2
2
2
2
2
2 9 44
2
2
2
2
2
2
2
2
2
2
2
2
2
2
3
2
2
2
2
2
2
2
111 2
3
3
314 411 2 124
2 124
2
39
19
45 19
45 19
45
2
2 39
2
2
2
2
3
2
2
2
2
2
19 3
2 19
19 2
39
2 107
2
2
2 38 658
3
3 150 289
2
2 16
16
2
2
39
2
13 2
2
18
2
2
2
2
2
2 124
2 55
2
19 43
2
2
2
2
2 32 107 126
2
2
2
2
3 42
2
2
5 108 67 2
2
2
2
2
49
177
2
2
2
2
2
2
2
2
2 234
2
2
2
22 2
101
19 2
112
2
21
2 122
2
2
2
2
2
2 40
2
2
2
2
3
3
3
19 2
2
2 11 2
2 11
2
2 11
2
2
2
9
2
328
2 167
2
1
2
3
101 23
2
2
2
2
2
2
2
109
276
44 2
2
2
102
39
2
49
2
73
2
3
3
3
2 46
2
2
9 191
2
2
50
2 50
2
2
2 38
2
2
2
2
44
2
2
2
2
2
2
2
20
3
131 2
2
3
2
37 103 128
16 2
126 5 2
2
2
2
44 11
44
44
2
2
2
2
2
2
2
2
2
2
2
2
2
2
2
2
2
2
2
2
2
20
2
124 2
2
2
2
2
2
5 126 5 2
2 659
2
2
2 20
2
2
2
2
20
2
2
2
2
2
2
2
2
2
2
2
2
2
2
2 1
2
2
9
9
19
2
2
2
44
93
2
2
2
42
2
137
610 2 660
2
2
3
2
44 298 2
2
20
2
45
2 45
69
2
3
2 167 661 44 22 662 663
2
12 2 20
3
3
3 193 19
3
101
2
77 2
113
9 2
2 9
2
2
2
2
2
2
2
2
3
2
2
205 76 5 67 2
2
2
2 5
2
2
2 67 4 5
4 130
130
2
113
2
113
182
2
298 168
2
2 65
2
2
2
19
2
2
2
2
2
2
48
2
2
42
42
182 2
2
2
2
2
393 112 2
2 9
19
2 5
3
2
2
2
22 2
2
2
3
2 664
2
2
2 205
2
2
112
3
3
2 131
44
2
2
3
134 2 38
124 2
124 2
3
2
337
3
2
2
2
2
2
2
2
20
2
2
2
2
103
2
2 46
2
38 2
38 2
2
38 2
38 2
3
2
2
2 44 2
2
2 9 2
39
2
2
20
254
2
2
2 41
2
2
2
2
2
2
2
2
2
2
2
2
2
2
2
9 2
2
2 3 46 40
2
2
3
2 19
2
2
2
2
2
2
2
19
2 114 44
2
2 103 42 2
44 206
67 56 4 5 2 30 44
2
2
2
101
42
2
2 126 5
2
2
2
2
2 20
40 160 40 3
19 112
2
2
43
2
97 2
2
2
2 44
2
2
69 470
470 2
69
2
2
3 122
3
2
2
2
2
2 115 3
2
2
2
2
101
2
2
9
101
2
101
2
2
2
2
2
2
2
152 2
2
46
2
2
71 5 185 2
3
2 129
129 65
65 2
2
2
2
2
2
2
2
3 175
2
112
2
2 160
2
2
3 43
76 67 5 2
3
3
524 132 100 3 629 187 665 666 67
2
3
2
2
2
2
2 129 2
129 2
2 11
2
2
2
2
2
265 2
101
2 20
39
39
3
39
350 44
2
2
44
2
2
2 11
2
2
2
2
44
3
2
2
2
2
19
131 2
2
2
2
2
2
2
2
46
2
2
2
2
2
2
2
2 46 2
2
2 101
2 101 2
2
2
2 19 3 1 104 65 2
2
2
2
2
2 101
2
2
2
2
2
2
2
2
2
2
2
2
2
2
2
2
2
2
2
101
2
2
2
2
2
2
2
2
2
3
39
39
43
43
39
2
2
3
2
154 2
2
2
48
48
2
2
2
2
2
2
8
2
2
3
5 2 126 571 305
2
667 131 39
2
2
2
2
2
44 668 523
2
2
19
20
2
2
2
3
2
2
2
2
2
44
182
2
63 5 126 67 327 2 44
327
2
2 20
2 127
2
9
69
65
2
114 5 67 2 3 44
2
178
178 113 178
113
113
2 9 44
2
23 25 2
2
2
76 2 67
2 131
2 144
30 67 5 108 2 20 114
42
2
2
2
2
2
2
2
9
3 115 2
2
2
15 11
3 2
2
2
103 49 70 12 74
49 70 12 74 669
74 102
2
2 9
2
2
2
39
2
44
2
2
23 2
2
2
45 2 19 2
546 289 128 19 621 128 621
128 621 2
2
2
109
18
2
13 220 2
2
2
2
2
2
3 128
2
2
2
2
2 131
2
2 1
2 44
2
2
2
2
2
122 2
2
2
2
2
2
2
2
2
2 314 40
2
2
2
1
2
2
2
2
2
2
2
38 2
13 2 20 8
42
9 42
97 64 96 44 5
2
2
2
2
11 44
2 42
125 42
2 1 2
2
2
202 41 2
2
2
2
3 2
2
3 43
2
2
2
374
181
103
39
69
2
2
2
2
2
2
2
2
2
2
2 5 67 32
2
2
49 10
44
2
2
2
670 2
2
2
2
2
13 671 2 672 523 668 618 171
2 49 138
2
2
2
5 2
43 3
3
3
42
3
2
2
2
2
44 200 289
101
44
2
2
2
2 101
101
2
19 128
68
2
2
2
1
102
42
1 2
2 20 2
2
3
2
2
2
5 30 2 20 9
2 20
2
5 56 2 427 268
2
2
2
2 37
2 37 43 3
3
3
44
2
2
2
45
2
2 30 577 673
2 115 5
512 580 273 512 2
67 5 2
3
43
43 3
2
2
2
2 1
2
2
2
2
30 5 67 2
67 2
2
2
2
2
2
2
2
2
3 2
2
2
2
2
2
5 2
2 20 2 45
20 2 45 2
2
2 9
2 674
2
2 20
101
2
127 11 2
44 2
2 44
2
2 5 76
2
2
2
19
20
2
2
2 131
2
2
234 44
23 196 2 13
23 2
2
2
2
44
9 131 124
2
2
2
2
2
11 2
3
3
2
36
18
2
45
2
45
2
296 2 20
2
2
2
2
2
49
102
102
102
102
39
39
2
3
3 675 676 383
2
2
13 3 2
2
2 131 46
2
112
2
126 5 2
2
19
2
2
2
2
2
3
93
254
37 19
2 37
2
111 19 677
19
19
2
2
2
2
48
2
2
2
9 2 9 67 5 30 105 131
9
9
2 234 678
2 40
2
2
9
2
2
2
2
50
2
2
5 2 67
2
2
129
679 22 2
13 2
37 2
2
2
2
2
2
2
2
113
2
2 112
2
2
2
298
2
2
2
2
15 99 38
2 680 77
43
2
2 30 4 234 5 681
2
2
2
2
2
2
2
2
2
11 2
2 142
44
2
2
44
682 2
45
45
39
39
2
542 2 152 683
2
73
11 2
2
67 9
5 2 30
393
2
102
2
2
2
2 41
2
42
16
16
2
2
2 1
2
2
2 20
2
2
2
2
2
2
2
2 16
70
19
19
2
69
2
2
2
2
2
19 3
19
2 20 124 11
55
9
9
9
3
2
31 2
1
3
41 2
2 30 67
2 30 67 105
2
2
2
2
2 44
112
112
104
112 2 9
2
2
2 286
2
2
2
46
46
46 9
9 2
2
44
9
44 9
2 9 44
9
8 9
8
19
9
2
49
49
2
2
314 16
2
2 93
2
2
2
2
2
2
104
2
2
2
2
2
2
2
45
45 128 45 2
2 20 220
2
2
2
2
5 684 2 67 2
2
2
2
2 124
44 685
2
2
2
2
2
2
2
2 77
18
2 115 11 84 67 5 13 206 570 111 124
13 2 570
2
2 111 686 5 84 256
2
2
2
2
2
2
2
323 2
2 1
19 45
2
3
18
3
3
15
15
15
2
15
2
2
2
13 2
3
2
2
2
2
142
142
2
2
2
3
3
2
2
2
2
3 353
2
168
372 2
2
2
2 131
2
15 3
3
2
16
16
2
2
15 2
2 122
2
2 19 3
30 5 243 76 67 126 2
15 193 19
3
3
2
16
2
5 2 126 76
2
2
2
2
335 2
2
2
2
2
2
2
2
2
13 2
2
2
2
2
2
2
3
2
2
2
2
55 73 30 62
2
2
2
3
3
2
2
2
2
47 16 47 131
47
16
47
47
13 2
2 3
3
2
2
43
3
43
2
147 2
241
20 2
3
42
42
42
42
42
183
42
42
2
42
42
69
2
2
42
2
2
2
2
2
36 49
36 2 37
2
36
36
2 111
2
36 2
2
2 1
2 1
2
2
2 1
2 26 206 22 150
2
2
2
45
45
2
45
45
45
45
2 24
2
2
2
13 2
2 13
9 2
2
2 161 32
2
2
2
265 26 2 25 23 25 300 234 150 22 167 662
19
48
48 2 130
2
2
2 112
2
2
2
128
2
2
2
2
2
2
2
22 1 2 126 5 108
2
2
2
2 20 2
2
2
16
2
3
2
2
181
181
2
2
2
59 56 2
2
2 40
2
3
2
2
2
2
2
2 9 44 2
44 2
2
2
2
101
2
2 104 2
104 2
20
2
2
65 2 65
2
65
2
2
2
3 43 19 2
43 19 2
9
2
2
44
2
2
2
2
109
2
19
101
2
2
2 131
9
2
111 3
3
2
1 2
2
2
2
2
43 265 19 687
101
102
2 20 2
374
2 9
2
2
2
2 111
2
2
2
2
2
3
28
2
2 101
2
2
2
2
182
182
46 113 391
113
113
182
39
42
42
42
42
42
42
42
42
42
42
42
2
43
42
2
2
37
3
2
2
2
2 187
2
11 2 13 220
2
270
3
3
2
2
2
2
2
2
2
2
70
67 56 5 4 30 108 571 5 2
2
2
559
559
2
2
205 2 11
2
2
2
2
2
2
2
2
56 19 3 5 4
104 65 2
2
16 37
209
2
2
2
2
42
42
2
2
3
2
2
137
101 2
688 101
2
2
2
2
2
19
19
2
2
2
131 2
1
2
2
2
2
2 122
2 9 2 23
2
2
2
2
2
2
2
2
2
2
2
126 5 30 2
2
2
18 328
2 9 2 137
16
128 3
73
2
2
2
2
2
2
2
2
2
2
2
2
2
2
2
2
2
2
2
2
2
2
2
2
2
168
2
2 168
2
2
2
2
689 2
2
2
2
2
2 9 2
9 2
2
2
2
2 20
2 20 2
2
2 9 2
2
2
2
2
2
9
2
126 65
2
2
2
2
19
19
2
2
2
3
3
2
3
2
2
2
44
2
187 2 7 185
2
9 2
2
2
2
2
2
101
67 2
2
2
20
2
43 40 292
41 2
3
2
21
2 12
2
2
582 22 582 2
39
2
2
2
2
2
44
2
2
2
2
2
65 104 65 2
9
42
42
42
65
2
2
2
2
2
101
20 2
1
3
2
2
2
2
2
44
19
2
2
2
2
2
45
45
2
2
2
3 11
2
2
2
2
2
19 45
2
2
73
2
2
2 9
457 2
2
2
2
168
168
168
168
73
2
44
2
101
2
270
2
101
3
2
101
101
2
2
2
93
2
2
2
2
2
44
112
178
178
178
2
2
2
2
178
178
178
178
178
178
178
2
65
2
2
3
3
2
2
2
2
2 500
2
2
2 108
2
150 334 2
2
3
2 20
2
2
2
2
3 9
2 150
2
2
2
2
2
2
2
2
2
2
2
2
2
69
404 69
2
2 20
2 20 2
2
2
2
2
2
47
2
2 47
2
2
2
453
1 2
2
2
2
2
2
2
37
5 2
2
9
45
2
2
103
3
2 46
2 71 642
2
2
2
43
2
2
2
2
2
2
39
45 2
3
2
336 206 77 2 503
114 44
2
2
2
2
2
2
204
2
2 97 67
2 200
42
2 11
2
2
2
2 44
2
2
2
2
2
2
2
102
102
102
2 1 44 220 13
690 2 691
2
2
380 2
2 44
131 2
2
2
2
2 199
3 19
19 2
2
3
2
2
2
2
73
2
2
3
175 3
3
2
3
3
3
3
2
2
2
2
2
2
2 38
2
2
2
2
2
2
2
2
2 38
2
2
46 9
2
12 2
2
100 2
2
2
2
2
18
2
2
2
2 38
2
2
2
2 9
44
2
2
2
2 11 41 306 152 72 175 161
2
475
2
2 5 325 76 126 5
2
2
2 479
138 49
278 213 2
19 42
19 42 1 2
1 2
2
13 146 2 44
129
2 13
2
2
2
2
2
2
2 9
2 5
2
298
2
3
2
2
2
2
2
16
16
2
50
50
50
50
50
50
50
2
2
2
2
2 13 220
299
2
2
13 2
2 9 2
2
2
2
142
104 58 5
2
2
2
2
2
2
38 2 426 692 202
2
2
2
3 2 3
39
2 11
2
2
2 124
2
2
2
3
220 13 2
6
6
6
6
39
18
6
3
12 6
6
6
42 6
6
15
6
21
2
2 9
44
2
2
2
608 240
43
240
240
240
9
43
2
3 2
2
2
2
2
2
2
2
161 2
20 2
15
15
2
69
3
2
2
2
2
2
65
65
2 67 5 126 5 176
2
2
2
2
3
2
2 1
2 65
5 2
2
2
2
2 20
2
2
2 45 19
2 45 19
19
45
2
2 164
2 9
28 69 515 2 124
101
2
2
2
2 128 45 3 19
3
2
2
5 2
2
44
102
2
50
2 265
2
2
2
2
2
2
2
2
45
2
2
2
2
2
2 20
67 2
2
2
2
2
2
2 37 2
37 2
2
2
2 93 13
93 13
2
2 206
2
2
19
2
44
2
2 3
2
31 101
2
2
2
2
2
2
2
2
44
19
2
2
2
2
204
39
2
2
142
2
142
3
142
2
2
2
2 99
2 19 131 202 11
5 30 105 67 2
2
2
2 44
2
2
43
43 693
2
45
