1 2 3 2
1
1 4
1
5
1 6 7 8
1
1 6 9 10 11 12
1
1
1
13
1
1
1
9 14 15 9 14 11 4
1 16 17 18 17 19
17 19 20
20 21 19
21 19 1
9 11 10 1
22
21
1
1
1
1 23
1
1
24
1
1
1
1
25 1
26 25
9 1 27 24 28 29 30 31 32 33 34 7
1
35 9 35 36 1
9 35 36 1
1
22 3 2 1 9
1
1
1
37 38 13 39
40
1
1
1
1
1
1
1
1 15
1
1
1
1
1
1
1
1
25
6
1
1 24 6 10 15 41 11 36
1
6 1
1
1
16 1
1
1
1
1
1
1
42 43
25 44
1
1 24 45
1
1
1
1
1
1
1 22
1 6
1 46
1
1
1
1
1
1
1
1
1
1
1
19
1
1
19
42
40
40
40
40
40
1
1
1
1
1
47 29 48 40
1
6 1
6
1
1
1
1
1
15 9 41 1
9 15 1 49 50 51 52
1
1
47 53
1
19
1
1 54
55 1
1
1
1
1
1
1
24
1 9 15
1
25
33 56 57 32 31 49 58 1 59 11 15 9 60 61
62 1 57
1 59 1
63
4 6
1 41 9
1
1 64 65 42
21
66 67 1
1
1
1 2
1 2 3 68
25 21 46 34 9 11 69
1
1
1
1
1
43
1
1
1 70
1 50 71 72
1
1
43
73 1 5 60 74
69 5 32 75
76
5 1 74
24 1
77 8 24
25 20
78 40
1 79
24
24
76
1
1
68 1
69 1 80
1
1
1 81 7
1 7
76
16
1
1
4 1
1 68
25
1
1
1
42
1
40
1
1
82 25 21
25 82 83 84
1
1
1
1
85 1
69 1
86 1
1
1
87 1 24
4 1 25 21
1
1
22 1
1
1 88
15 1 4
1 4
1
89 9 27 1 68
1
1
1
1
1
1
1
1
49 80
90
25
16 1
1
1 25
25
91 1 68
79 62 92 1
1
1
1
21
1
1
25
25
1
1
46
46 92 18
25
21
93 1 94 95
43
94 1
43
1
1
69 1
1
96
97 98 99
1
1
1
1
1
100 4
1
3 1 101
1 55
1
102
25
25
65
1
68 1
1 6
1
21
43
98
1
79 98
1
4
1
1
1 15
103
1
1
1 24
1
1
1
1
1 4
1
42
1
1
1
1
104 1
47 1
25 42
1
1
1
1
1
1
1
105 13
1
1
1
1
21
1
1
1
1
65
106 107 6 108 109 110 111
107 111 112 106 113 107 4 111 112 1
1
1
1
4 1
1
40
1
1 47
114
40
40
40
1
42
1
115
25 92
1
1 36 9 15
1
1
6
1
65
1
1
4
1
1
1
1 116 117 38
1
1
4
16 6
1
1
42
96 118 28 29 119
1
1
120
120
1
1 4 51
1
1
1
1
1
1
1
1 121 92 9 29
1
1
1
1 2 74 122
1
123 23
124
1 6 68
90
1 4 1 9
1
4
1 45
125
1
21
126
20
46
43
1 16 24 1
1
1
1
1
1
1
1
1
1
1
1
1
1
1
1
1
1
1 79
1
1
1
1
1
1
1
1
1
1
1
1
90 1
1
6
127 128
128
128 1
1
32 1
1 128
128 129
1 3
1 24
1
1
1
1 130
9 41 11 15 1
1
15 1
1
1
6
92 1
90 1
1
90
1 59
11 1
55 1 2 68 131 132
1
1
1
1
69 23 1
69 23 1
1 22
1
1
1
1
1
40
1
1 80 76
1
68 1
1
1
1
1
42 73
133 9 36 15 1 22
1
1
1 51
1 51 134
25
1
7 33 32 1
32 1
1 41
1
1
135 1
73 21 25
1 136 93
1
1
1
1
1
1
1
1
40
1
1
6
1
42
1
1
43
1
40
1
1
1
1 24
137
1 137
21
1
138 1
4
1
1
1 139
1
140 42 141 73 96
45
1
1
142
1
1
21
1
142 82
142
1
6
1
82 1
1 128 45
1 92
9 41 15 11 1
1 9 15
1 16
1
1 4 1
1
1
1
49 1
49 1
1
1 16 1 55
1
96 1
1
1
1
1
1
1
1
1
1 49 1
49 1 55
1 55 47
1
1
19
1
1
1
6 1 41 10 9 132 143 68 144 29
1
1
1
65
1
92 90
1
1
145
1
1
68 1
1
71 1
1
1
1 132 68
1 132 68 3
1
1
1
1
1
1
1
1
1
1
1
1
1 10
1
1
1 24
1
7 1 92
1 90
22 1 6
1 24 22
1
1
1
64
146
1
1
1
1
1
1
1
6
25
1
1 16
1
1
1
1
1
1
1
1 92 22
1 92 45
1
125
1 24
1
1
1 147
85 1
1 148
1
1
1
1
1
79 5
1
1
1
4 1
1
1
1
1
1
16
1 90 1 22
1 22 1
1
1
1
1
1
1
1
1
1
1
1
1
79 1 10 9
1
1
13 45
1
1
1 24
24
1
4 88
1
1 149
1
1
1
1
1
1
21
21
1 55
1
101 1
1
1
1
1
1
1
145
145
1
140
1
1
1
1
1
29 1
1
1
1
1 24
25
1
1
1
1 24
1 33 7
1
150 1 69
1
1 68
22
65
102
65
43
43
4
1 150
1
68 1
1
96
1
1
123
43
25
21
21
123
151 1
1
1 24 1 57
1
1
1
1
1
1
42 73 140 68
9 1 6 1
1
134 51 1
1
6 1
1
1
1
25 21
25
43
25
1 9
1
22
1
1 9 68
1 9 68
1
1
1
1
1
1
37 152 11 9 15 10
1
1 24 1
24 1
1
1
1
92 1
90 1
1
1
1
1
1
24 1 34 153 154
114
1
1 9
1
16
16
69 6 1 24
1 64 16
1
1 74 122 55
25
25
69 1
90 1 124
1
1 6 1
128
1 9 41 9 155 15 156
1
9 1
25
1 7
157 25 43 47
7 33 158 65 32
102 43 102 153
1
1
1
25
1
1 6 9
6 9
1
1
6
1
1
15 9 133 159 160 1 34 25 49 31 32 151 33 7
1
1
1
24
1 9
1
1
1
1
6
85 1
1
1
55 4
1
1
161 1
1
1
22
40
1
1
6
1
1
1
1
24 1 68
1 68
162
40
6
6
1
1
1
1
163 4
1
1
1
1
21
1
25
25
25
1
4
1
46
1
90
1
1 23
1
1
1
21
1 21
115
164
164
164
1
1
6
1
142
9 11 41 1
4 34 49 31 32 165 166 167 8 7
6 1
25
1
1
1
1
65 19
1
65
43
21
1
164
1
1
1
1
1
1
1
1
1
4
1 6
1
1
1
1
1
1
1
1
1 11 15
1
1
1
1
1
79 37
1
1
1
1
22 7
1
1
1
1
1
1
1
1 48 30
1
1
1
1
42
4
4
4
6
4
25
1 24 85
1
1 147
168 1
1
1
1
1
1
1
1 92
1
6 24 1
1
1
1 24
24
65
1
1 133
4
1
1
1
1
1
1
25
25
1
1
42
1
82 1 2 68
1
1
1
1
25 149
25
1 149
25 1 149
1
1
1
1
1 15
1
1
1
1
1 24 169
16 1 24 1
1
1 96
96
96
1
1
1
1
1
1
1
9 36 11 1 6
90
1
1
1
1
1
1
1
1
1
1
1
1
1
1 118
1
7 1
1
1 16
4
92 25
23 44 1 15 9 41 9 11 69 1
1
24 92
25 79 34 170 115
115
115 25
25
25
25
25
115
1
1
1
1
1
1
82 1 90
1 90 1 74
15 9 41 11 1
1
1 6
1
1
1
68 1
1
114
1
1
171 172 1
1
1 85 22
51 173 1
1 69
135 164
1
41 1
1 6
1
1 68
1
1
1
43
1
43 21 46
1
1
1
1
1
1
1 69 174
85
1
1
1
175 1
1
79 1 175 69
1
9 11 15 1
1 24 6
1
6 1
1
176
43 177
43
1 43
106 1
1
1
1
145 178
1
136 4 1
179 1
1
1
21
87 180 181 1
181 1
1 6
1
1 37
6 1
1
1
1 55
1
114
5
4
1
1 4
90 4
4
1 45
1
4
1
1
1
1
1 182 9 15
1
1 68 118 47 91 183 33
6 88 1
68 1
1
25 92
1
11 9 65 145
1
1
1
1
145
1
1 6 116
1
1
1
1
1
1
1 6 1
1
1
1
1
1
6
1
1
1
1
23 1 19
1
1
79 1
79 1 24
1 55 68 184 185 9
1 25 49 7 33 56 7 34 32 11 9 41 161 186 152 36 187 10
188 1 90 1 161
1 161
25 47
1
24 15
1
24
1
1
1
1
1
1
1 90
1
43
97
1
1
1
90
1
1
1
68 1
1
1
92 127 3 9 15 41 1
37
1
1
1
15 9 1 22
1
1 22
1
1 22
1
5
5
1
25
25
25
25
11 25
25
189 1
69 190 171 1
190 171 1
162
25
92 1
1
1
1
1 22
1
1
127
1
90
1 22 1
1
92 1 33
32 1 92 18 17
1 85
92 1
32 1 55
1
1
1
1
1 191
1
25
46
43
1
1
1
1
1
73 42
90
1
1
1
1
1
1
1
1
1
1
1
1
1
1
1
152 10 9 15 1
1
1
40
1
96
96
25
1
1
1
1 24 1 9
24 1 9
1
1
1
1
1
1
65
192 6 193
194 6 193
1
1
12 9 10 1
195
1
1
7 22
6
1
1
47 1
1
1
1
1
1
1
1
1
162
1
32 196 1 24 1
1
1
1
1
1
1
1
1
1
1
197
1
1
21
1
1
198 199 82 1
69 1 31 33
1 31 33 7 34 23
1
1
1
1
1
1
1
1
1
9 1
1
116
4
4
4
4
59 1 88 68
1
1
20 25
65
25
25
29 40
1
1
1
1
1
1
1
1
1 73
4
7 49 1
1
1
1
3 2 1
1
1
1
149 1
1
1
1
1
1 92
1
21 25
90 189 82
1
1
1
24 1
1 200
1
4 1 25
1
80 1 16 1 25
25 21
1
1
1 24
24 9
1
46
1
1
127
1 24 1 11 9
1 6 90
6
179 1
179 1
1
1
1 4
1
1
1
1 6
189 1
1
1 6
43 21 80
92 5
43
43
4 87
1
25 1
1
1
25
1
1
25 21
43
1 24 1
85 39 80 1
42
1
24
1
1
45
1
1
1
25
1
1
1
51 1 9
1
9 1 2
1 116 79
1
1 4
4 24
1
1
1
69 1
29 1 6
42
21
43
16
1
1
43
43
43
1
1
43
43
1
1
6
1 16
1
1
118 127
1
1
25
25
43 97
5 80 102 1
1
1
1
1
1
24 1
1
1 16
1 68
1
1
96
1
6
1
201 9 1
1
22
4
4
4 6
6
24
24
4
114
1 16
15 9 1
9 1
1
1
1
1 6 202 9
1
1
79 1
1
1
43 203
43 21
43 25 204 205 33
25 204 205 7
43 25 204 151 7
25
43
43 25
43 25 204 206
43 25
92 43
25 204 206
25
25
92 43 25
43
204 25
43 25 204 206 7
92 43
43
25 207 206 7
43
25
208 206 115
115
1
1 6 1
1
1
1
1
85 1 22 1
22 1 22 1
22 1 22
1 22 1 22
9 15 27 22 85
22
1 22
22
1 9
6 1
1
1
1
1 168
1
1
43
1
1
43
1
1
124
1
15 9 1 11 68
1
1
1
1
1
16
25
1 16 1
1
1
1
1 2
1
1
1
1
6
6
1 40 85 25
85
1
1
80
96
209
40 210
42
96
211
210
40
212
45
213
214
1
1
1
1
42
1
1
24 6
1
1 151 69
151 1
1 151
65
65
65
65
65
19
65
65
65
65
65
1
65
1
65
65
1
1
10 9 1
1
1
1
1
69 22 1 15 9 24 6 69 116 215
1 15 9 24 6 69 116 215 69 1
1 6
1 6 1 69
1
1
1 33 7
1 85 1
1 2
43
1
1
32 1
32 1 79
1
1
24
1
1
1
1 24
1
1
1
1
1
1
1
1
1
1
1
1
1 92 8
1
1
1
1 73
25
1 9 36 11 216 12 41 10
25
1
43 21 25
21
1
1
1
1
1
9 1
1
1
1
1
1
1
40
42
25
1
1
1
68 16 6
1
1 16
1
1
1
1
1
25
25
1
1
1
1
1
1
1
1
16 1
4 79 136 217 136 79
1
1 4
1
1 6
92 1
92 1 22 55
1
1
218 1 219
1
1
1
1
25
1 5
1
1
1
1
1
1
1
1
1
1
68 1
1
1
1
1
1
90 1 45 4 59
3 1
92 1
92 1
1 24 172
1 116
1
1
1
1
1
1
1 4 185
25
25
25
25
1
69 1
42
96
80
46
25
6
1
1
79 1
1
1
1
5
55 4
1 82 220
68 132 68 1
132 68 1 24 90 1
1
53
1
1
1
127
9 152 221 25
25
1
1
1
79 1
1
1
10 9 1
9 1
1
1
1
92 1
20
1 90
1
75 1 23 222
1
4
1
1
1
1
1
223 1
1
1
1 9
11 9 1
1
42
1
32 49 196 50 1
1
76
1
1 7
47 1 4
114
125
114
42
1
1
1
1
1 24 1
1
24 1
1
125
1
1
1
1 21
1
9 15 9 1
1
7 1
9 4 152
1
1
1
1
1
1 182
1
1
1
24 1
1
1
1
1
1
1 6
6
16
1
1
1
1
1
1
1
23 44 1
90
1
1
1
25 1
1 4 44 23 69
124
69 1
124
124
124
124 1
124
124
124
124 22
25
133 1 6 9 10 11
1
9 200 11 15 1
1
1
25
4
1
1
1
1
29 1
1
1
1
1
16 1
1
1 9
41 11 9 10 1 24 79
1 6 2 59 43 21 34 25 29
24
25
1
25
25
168
1
1
4
123 43
43
43 1
1
69 145
96
96 1
24
1
1 76 24
1
1
4 224
90
1
1 90
9 41 1 15 155
68 132 1
1
1
1
1
1
1
1
65
65
140 65
65
65
90 1
65
65
25
1
24
1
1
4 225
146
146
1
4 15 9 1 24 9
9 1 133 1 4 9
1 4 9 15 1
1
24 15 9 1
1 90
24
1
1
1
9 4
1
24
1
24
1 216
24
24
1 24
9 1
1
1
1 22
1
9 1
1
1
1
161 1 32
1
1 79
69 1
1
15 6
6 1 66
1
1
4
1
1
25
25
1
1
1
29 1 68 2
1
1
1
1 68
1
1
38
1
1 20
1
24
1
1
6 1
1
1 6
15 9 1
9 1
1
36 16
1
1
1
1
1
115
115
226
1
1 92 24 2
1
1
1
1
1
1
1
1
1
1
1
96
1
1 69 215 227 228
83 65
1
1
25
1
1
1 55
1
1
1
1
1
1
1
1
1
1 4 69 227 135 229
1
1
1
1
1
6
79 1
1
1
1
1
1
46
1
1
1
1
92 1
1
42
25
1
25
1
230 123
1
1 68
25
25 63
1
25
1
1
1 24
1
1
1
1
1
1
90 1
1 231 9 186 15 10 152 29 68 133
1
1
1
1
1
29 1
1
1
1
4
1
1
115
1
79 1 79 60
1
1
1
6
1
1
68 1 4 10 9 15 163
1
25 34 69
1 24
1 68
1
1
1
1
1
1
65 42
1 6
1
1
1
1
1
1
1
118 4
127
1
1
1
140 73
1
1
1
1 24 11
1 15 152
1
1
1
1 9 33
76
5 76
1
1
25
1
1
6
232 233 1
1
1
6
9 1
1
97
1
1 69
102
1
1 9 10 15 11
1
6 1 6
1
6
1
36 1 234
1 69
1 22 92
6 1
1
1
1 9 10 235
25
25 21
25
25 236
1 25
1 236
25
25
1
25 237
25
1
1
1
43 25
1
1 68
1
1
1
65
1
65
65
69 1
69 1
1
1
1
96
1
1
1
1
1
238 179 238 1
179 238 1
1
1 15
1
1 131
1 239
1
1
1
1 73
1
1 24 1
1
1
1 24 103 76
1
1
1
1 6
1
1
9 1 15 202
125
32 65
32 65 53
53
1 186
1 133
1 68 186 9 15
1 68 15 4
1 3
53 1
19
90 1
1
1
1
6
1
4 6 20 46 1
1
24 1
1
1
1
1
1
1
120
120
1 9 4
1 90 1
1
1
1
6
37
37
37
37
37 13
37
37
37
37
37
37
37
37
37
22
1
1
1
1
164 1
1
1
161 1 240
1
1
1
21
21 1
4 69 241 136 242
1 4
25
25
25
25
25
25
25
207 25
25
16 1
25
149 92 1 82 25 9
56 49 1
1
43
43 7 79
1
1
1
5
59
1
25
25 43
1
243 6
90 1
1
1
1
1
1
1 69
21
21 115
21 65 1
21
1
65
65
65
65
1
1
1
1
1
1 116 92 175
9 41 9 1
1
1
1 244
1 16
1
1
1 3
1
245
245
1
1
1 34 246
1
1
1
1
1 24
19
125 247
1
1
1
1
1
1
170 25
1
1
6 1
90 1
1
1
1
1
1
1
1
1
90
4
1
1
85
1 85
85
1
1 7
7 1
178 1
1 243
189 1 248 79
1
1
1
1
25
25
25 68
1
1
1
1
1
1
1
1
25
21
1
1
80
1
1 82 101
1
1
1 9 234
1
1
1
1 88 244 249 68 250 251 131
13 37
80 39 90 97
90 5
68 131 80 3 1
1
131 80 3 13 1
13 68
13
1
1 131
1
1
1
1
92 1 24 129 2 68 156
1
1
1
68 1
68 1
1
4 92
92 4
1
1
6
1 172
1
1
1
1
1
1 16
1
1
1
1
25
1
1
1
25
25
25 46
5
5
1
1
1
1
1
1
1
1
1 6
1
1
9 41 216 16 1
205 33 32 31 252 206 25
43
1
96
96
96
96
25
1
1 24 1
1 16
1
1 253
1
1
25
97
24
254 1
91 1 147
1
64 145 32 255 256
64 145 32 255 256 255 32
7 1 68
1
1
1
1
1
1
1
1
1
1 88
88 1 4
1 88
1
1
1
1
1
25
1
1
1
1
25
1
1
1
1
1
1
32 1
1
1 32
1
1
1
1
1 49 31
1
257 1 43
257 1 43 46 1
1 186 9
1
1
40
1
76 1
6 68 2
1
1
5
1
42 73
69 1
1
1
6
1
1
1 79
1
1
1
1
1
38
6
25
1 92
1 134 8
258 1 34 47 259
1 87 259
25
25
25
25
1 3 2
1
1
1
6 4
1
1
1
1
6
1
1
59 1
1 6
16 1
1
19
19
168 1 153 49
1
1 6 1 15
1
1
1
51 134 1 4
69 1 60 62 79 92
1
1
1
1
1
25
260 1
1 127
1
1
1
59 16 1
1
1 161
261 88 116
1 90 55
1 90 55
1
1
21
1
1
1 16
96
1
1
1
1
1
1
1
1
1
1
25
1
98
1
1 15 11 186
1 15 11 186 9
25
25
1
1
145 262
1
161 42
43
1
164
1
1
1
1
1
1
1
9 155 1
1
2 263
1
1
1
1
21
21
1
1
15 11 9 36 1 6
1
1 6
1
1
1
1
1
1
1 15 32 4 33 151
4
1
1
1
1 80 1
80 1
5 1 264
1 264 265 266 267 268
1 90
1
1
114 145
1
1
1
21
1
1 24 6
1
53
91 25 106 110 112
1
1
1
1
1
1
1
40
1
1
9 1
4
1
38
38
1
1
1
1
1
11 9 89 36 11 89 9 41 1
1
1
1
1
25
42
1 163
1
1
65
65
65
65
65
65
65 46
65
65
65
65
65
42
1
1
1
1 6
1 49
1
1 24
1 68
1
1
1
1
1
5
39
5
1 16
5
43
1
269 270 271 270 272 6
4 272 270 273 269 274 270
274 272 270 1 4
1
1
1
1
1
6
1
275 1
1
276
25
43
21 25
1
1
19 65 73
65
65 43
49 33 7 46
1 24 2
1
92 1
24
85 1
25
1
1
1
24
16
1
1
1
1
1
1
25
49 4 33
1 49
1 16
1
1 25
25
1 134
1
1
80
1 24
1
1
1
1
1 4 277 79
1
65
1
1
1
1
1
1
1 6
6 1
1
6
1
1
1
16
1
1 7
1
1
1 24 13
7 39 33 32
1 4
1
1
1
1
1 25
25
1
1
41 1
1 7 57 7
1
1 57
1 6 1
1 22
1
1
9 10 1
21
1
1
1
1 6
1 22
1
6
1
25
115
1
1 32
1 22 59
59 1
1 11 152 186
68 1
1
24 1 4
1
1
1
1
1
92 1 278
92 1 278 1
96
1
1
1
1
1
1
1
1
114 279
25
1
1
1
25
46 20 43
46 43 46
43 46 21
114
1
1
1
1 7
280 1
1
1
24
4 11
1 106 4
1
85
1
92 1 9
1
69 43
43
1
1
1
1
1
1
1
1
1
1 116
1
14 36 9 1
1
1
1
1
1
1
1 181
1
49 1
1
68 1
87 1 181
1
1
7 49 1 41 10 9 15
1
1 9 2 1 128
1
1
1
1
1
6
1
1 21
25 15
1
4
1
1
1
1
1 278 24 55 47 30
1
1
1
90
1 281 48 67 29
1 281 48 67 29 55
1
229 69 1 24
25
1 68
1 68 282
1
1
1 68
1
1
1
1
1
1
1
1 68
1
46
1
75
43 63
4
1
1
1
1
1
1
25
1
1
1
1
9 1
1
1
1 24
9 36 1 257
9 36 1 257 1
1
1
1
96 42
1
1
65
1
1 6 24 127 117
1
1
1
1
25
25
25
1
16
1
1
1
6
68 1
1
1 68 283 82 199 284
1 3 129
1
2 1 285 3
1
1
1
1
25
1
1
1
1
68 1 92
1 92 79
1
1
1
25
1
1
1
1 182
1 182 9
1
1
1 7
1 9
1 6
1
1
1 59 51
59
59
24 1
1
1
1
1
1
25
1 33
65
1
10 9 1
9 1 43 9 133
1
16
16
1
1
1
127
25
1
79 1
6
1
1
1 80 1 24 76 80 286 74 122
1
1
1
1
1
1
1
248 1
1
1
1
1 7
1
1 46 21
42
1
1
1
230 92 25
9 15 9 200 287 15 1 16
1
68 1
1
1
1
132 1 6 1
1
1
1
1 288 289
96
96
1
1 45 145
1
1
1
4
69 1 16 1
90 1
6
42
65
21 65
65
65
65
1
65
65 214
65
65
65 74
21
65
46 43
279 40
65
65
21
65
1
1
65
65
65
65
65
4 1 65
1 65
65
4 1
1
1 6
1
6
1
1
1 92
79 1
1
1
1
1 290
1
1
1 2
1 2
5
1
80
80
25
1 2 68 132 9 41 11 36 291 15 186 14 10
1
1
1
1
1
1
1
1
1
24
68 1
1
1 9 89 92
42
1
1
1
68 1
1
1 45 6
1
1 253
1
1
1
1
1
15 292 15 36 14 16
16
1
69 1
1
1
1
1
90
1 92 49
1
65
25
25
1
126
127
76
1
1
1
1
1 42
1 3
1 2
1
1
90
1 6
1
185 1
1
1
1 76 1 148
76
1
1
1
114 82
1
1
1
1
1
99 1
40
1
1
4
4
1
1 128
1
1
1
1
1
90
1 24
1
1 202
1 6
1
1 9
1
1
1
1
1
1
1
1
1 24
1 24 1
1
1
1
20 46
25
1
140
1
1
229 1
1
1
25
1
1 6
1
43 25
1
1
1
1
1
25
1
1
1
1
40
25
38
1
1
1
1
1
1
1
1 24
1 24 1
116 1
1 6
128
6
1
1
4
9 15 1
1
1
1
25
68 1
1 39 13 37 234 41 9 10 89 15 293 11 9 68 132 55
1
1
65
1
1
1
1
1
4
6
1
1
1
1
1
1
1
1
21
42
42
1
1
1
43
1
1
1
1
161 1
1
1
1
3 1
1
3 1
96 153
96 153
1
1
294 9 1
1
1
1
1
1
1 97 92 25
1
43 295
53
295
295
1 74
1
1 296
25
90 1 25 297 15 9 14 11 10
125 298 5
1
1
1
1
1
20
1
1
125
1
1
9 41 4 1
1
6
1
1
1
299
85
1 68
1
57 1
6
25
1
1 6 16
25 21 49 50
1
42
42
4 1
1
1 6
1
1
25
25
25 46
120 213
213
213 300 103 213
103 213
46
103
25
1 25
25
25
25 213
25
213
213
300
24
37
13
13
24
13
42
42
196 46 20
300 196
300
20
46
46
46
20
5
5
5
1
25
1 79
1 79
1
6
21
25 43
43
1
1
79 92 1 6 301
123
1
4 22 90
1 85
1
1
16
1
85
43 21
25
1
1
1
1
1
53
1
1
1 25 302 303
25 302 303 25
303 25
25
4
132 1 24 7 34 92 36 9 10 55
1
1
1
15 1
1
1
1 2
1
1
1 29
1
1
1
1
1
1
25
1
1
1
16
1
1
122 74 1
1
1
1 90
1
1
1
1
1 6
1
1
1
1
1
40 1
1
1
1
1
127
25
1
1 68
1
164
69 1 16 24
1
1
1
1
1
1
1
1
24
1
1 24 304
1
1
1
49 1 50 24 32 33 7 34 9 15 10 11 41
1 9
49 1
1
1
1 9 15
305 306 222 44 1
306 222 44 1 55
1 55 29
25
55 4
1
15 11 9 1
1
1 9
10 1
1 90
47 1
140
1 38 69
1
1
1
1
1
1
1
1
1
59
162 307
1
1
1
1
115
90 1 5 79
1
1
1
1
1
1
1
64 65
1 6
6 64 19
1
1
25
1
1 68
4 1
42 73
1
1
1
1
1
1
19
299
65
19
19
19
4 1
19
19
1
1
1
1
1
1
1 24
1
5
5
1
1
1
1 90 6 1
1
6
1
6
1
1 68
65
65
65
1
1
1 16 1
16 1 85
31 49 1 2
4
1
1
76
115 208 126
21
1
1
1
1
25
1
1
1
1
1
1
1
7 1
6 1
42 308
1
1
1
1
19
1 68 92
6
1
1
25
1
1
1
1
1
1
25
1 9
1
1
1
1 6
1
1
1
1
1
24
1
1
1
1
1 7
45
1
58 1
49 33 25 204
9 10 1
9 1 6
1
1
1
1
1
1
1
1
1
1
49 1
1
16
1
25
1
1
1
1
1 6
1
1
1
1 9 6
309 1
1
1
1
1
1
1
1
1
1
7 1
1
1
1
1
1
1
1
1
1 147
1
1
1
1
1
1
1
1
1 310
1
1
1
1
1
1
1
1
1
1
1
1
1
1
1
1
1
1
1
1
1
1
1
1
1
1
1
1
1
1
1
11 1 9
1 25 33 57 1
25
25
1
1 90
1
1 85
1
25
1
1
1
1
1
1 45
4 123 97 45 1
1
21
1
1
92 1
1
1
1
145 1
