1
2
1
1
1
1
3
1
1
1
1
4 1
1
1
1
1
1
1
1
1
1
1 5
1 5 6
1
1
1 7 8 9 10 11 12
13 1 14
1
1
15
15 16
1
1 17
1
1
1
1
1
15
1
1
18
1 15
15
1
1
1
1
1
1 19
1
1
20
5 21
21
1
2
1
1
22 1 23
1
1
1
1
1
24 25
1
1 23
1
1
1
1
1
1
1
1
1
26 15
1
1
1
1
1 27 28
29
7 30 10 31 32
1 33
34
1
35
1
1
1
1
1
1
1
1
1
1
1
23 1
23 1
1
1
1
1
1
36 1
1
1
1
1
1 33
1
1
1
15
1
1 15 1
1
4 37 38 39 2 29 1 13 36 33
2 1
1
1
1
2
2 1
1 40 7
1
1
1
1
1
1
1
1
41 42 26 43 44 23 40 45 1 46 39
1
1
1
47
1
1
23 1
22 1
48 1 39
1
2
1 30
1
1
35
12 1
1
35 49 19 50
18 11
1
1
1
1
1 39
1
1
1
51
1
15 1
1
1
1
1
1
1
1
1
1
24
2
1
1
1
1
1
1
15
1
1
1
1
1
1
1
15
1
1
1
1 52
53
1
1
1
1
15
1
54 39
1
1
1
1
1
2
1
1
1
18 1 2
13 1
1
1 6
1
1
15
1 53
1 55 6
15 1
1
41 1
1 27 5 2
1
35
1
1
1
1
1
1
1
1
1
1
1
1
1
1
1
56 1
1
57
23 1
1
1
1
5 2
1
35
1 2
1
1 58 2
4 39 1
39 1
1
1
1
1
1 40
1
23 26 40 1
1
1
1
1
1
1
1
1
1
1
15
1
1
40 26 1
59 1
1
1
1
15
1
1
15
1 36
1
1
18
1
1 16 60
1
1 29 23 61 26 40
15
1
1
18 24
1
2
56
1 23
1
1
1
50 2
2
1
1
1
1
1
1
1
1
40 2 62 29 2 12
26 40 1
20
1
1
1
1
23 45 40 1
2
1
1
1
1
1
31 1 33
1
1
1
2
63
63
64
65 63
63
63
1
63
63
24 1
1 19 66 1
1
1
1
1
1
1
1
1
7 1
1
2
1 9
1
24 67 1
1
2 29 1
1 15 57
1 33 1 30 9
1 30 9
57
1
1
1
1
1
68 13 1
69 5 70
70 58 23
70 58 23 26
1
1
2
1
1
23 1
1
1 15 57
1
1
1
19 71 57 33 1
1
23 72 1
73 23 1
1
1 30
1
1
1
1
1
1
1
1
2
1
1
2 74 75 76 77 78
1 79
1
2
23 40 26 1
1
1
1
1
1
1
1
39 1
1
1
1
1
1
1
15
1
1
1
15
15
24 1
1
1
1
1
1
1
1
1
1
1 7
1
2
46
80
5
5
80
5
1
5
1 81
1
27
1
1
1
1
1
1
1
1
1
1
1
1
82 83 1
1
1 11
1
1
1
1
1 15
1 15 1
1
10 22 1
22 1 46 1 13
1
23 1
1
1
6 1
1
1
15
42 26 40 84 45 1
26 40 84 45 1
69 1
1
82 1
1 30
1
1
1
85
1
1
30 1
2
1
1 15 39
1
86
87 20 88
86
86
2
4 1
1
1
1
1
1
1
1
1
1
1
1
1
1 89
1
1
15
1
1
1
1
1
1
86
1
57
1
1
1
1
79
1
1
1
83
33
33
1
1
90
90
53
33 90
90 53 90
90
90
90
90
90
90
27
1 90 53
1
85 91 85 92 93
90
90
57
1
1 90 27 1 90
90 53 6 1
1 6
6 90 1
90 1
1
53 1 90
90
1
90
1 90 53 33
1 6 90 1
6 27 90
53
1 90
90
90
90
90 27 90
90
1
90
1
1
90
1
90
1
90
90
6
94
1
27 1
1
1
33
6
17 15
57
1
1
1 23
1
2
63
63
95
15
2
1
15
1
24
24
1 9
1
1
1
1
1 22 96
1
1
1 23
1
1
97 1
57
98 67 1
1
2
1
41 23 40 57 1
1
1
85
1
15
1 57
1 15
1
1
1
1
1
1
27
1
1 99
1 57
15
1
1
12 1
1
2
39 1 82
1
1
1
1 17 39
39 1 9
1
1
1
1
1
1
1
1
39 1
1
1
1 30 10 9 50
1
1
1 46 30 10 59 10 9
1
1 100
1
1
1
1
1
22 1
1
1 27
1 27 1
101 1
1
1 15
1
1
1
1 53
56
1
1
24 102
1
1
1
1
1
1
1
1
9 15
1
1 103
1
1
1 39
1
1
1
1
1
88 1
1
1
1
1
1
1
1
1
1
1
1
57
1
104
1
1 105 1
1
1
1
15
1 106
1 53 107 108 109
1 53
1
1
1
15
1
1 109 19 110
111 1
1 107
1
106 1
106 1
1
1
1
1
112 1
1
1
1
113
1
1
1
1
1
1
1
1
1
1
1
1
1
1
1
1 40 58 114 18 6
50 1
15
1
15 1
1
33 1
1
1
1 23
23 1 73
1
24 9
46
89 1
1
1 108
24
1
1
1
1
53
1
2
2
23 40 42 1
1 112 115
1 46 82
1
1
1
1
1
1
1
1 53
53 1
1
3 1
105
3
3
57
1
1
1
1
1
1
1
6
3
3
3
27
27 1
1
1
1
1
2
1
1
1 46
23 42 1
1 116 117
1
1
1
1
1
1
1
118
118
1
1
1
1
1
119
15
1
1
1 10
2
1
1 15
1
2
2
1
1
1
1
1
1
1
1
1
1
1
1
22 1
22 120 1 120
1 22
24 1 39
121
122
1
58
1
1
1
1
1
1
1 58
1
1
1
1
1
1
1
1
1
1 33 27
1
15
15 1
23 1
1
1
1
15
21
21
21
1
1
1
106 1 123
1
1
1
1
24 1
1
1
1
1
1 40
1 40 42 124 43
1
6 1 6
1
1
1
24
23 40 26 1
1 125
15
1
1
1 27 15
15
1
1
1
12 1
1
126
1
1 127 128 129 41
1 130 131 132
15 39
1
1 28
29
1
1
13 1
2 133 10
1
1
1
1
1
1
1
2
1
1
1
1
1
1
1 22
1
2
1
1 26 23
134 15 1 79 135 136 137 136
41 57
57 41
1 40 124 23 41
1
1
138 139 1
27 1
1
134
57
1
1
1
1
1
1
1
1
140 59 1 36
23 26 45 1
45 1
1
