1
1
2 3
1
1
1
4 5
2
2
6
6
6
6
6
1
7 8 9 10 11
1
12
13
14
15
16
5 17 4
18 19 4
1
20
21
16
22
1 12
1 12
23
2
13
1
1
2
1
1 12 24
1
1
1
20
2
1 21 15 3 2
15 3 2 21
3
1
2
1 25 26 27 28 29
13
1
2
1
1
2
2
2
2
2
2
2
2
2
15 2
2
11 7
30
2
2 31
2
2
2
2
2 3 2
3 2
32 1
1
6
1
1
33
33
25 33
33
2
1
2
1
2
2
2
3
2
2
2
13 34 35 36
37 10
37
15 38
1
1 21
1
1
1
1
2
1
1
1 15
15 2 3 15 1
15 1
1
1
1 21
1 25 13
2
2 1
2
25 1
1
1
2
13 39 40 41 39 21
40 39 1 13 42 25 43 41
2
2
1
1
1
44 45 1
10 11
16 1
2
2
15
22
22
22
1
22
1
46 1 26
13 32
1
1
1
1
47 1 21
6
1
1
22
2
2
22
22
1 48
44
49 45
1
1
2
1
1 13
3
3
3
1
46
33 49
50 51 52
1 47 53
51
2
1
1
2
2 54
1 55
2
56 1 57 2
16 22
22
21
21
1
1
2
2 7
1
2
2
2
2
21
1
1
13
1 26
1
1
1
1
1
58
59 1 44 60
60 44 60
44 60 44 60
44 60
60
21
1 61
1
1
1
1
1
1
6
6
2
1
7 1
7 1 21 1 7
21
1 21
1
1
2 1
2
1
1
1
1 12 13
22
6
22
22
62 63
1
3 2
2
6
13
1
1 2
2
64 1 65 1
1
1 42
1
13
6
2
2
2
1 21
11
1 13
1
15
3 15
3
1 21
2
6
1
22
1 21 1
1
2
2
2 31
2 31
21
2
1
15
66
66
66
66
66
1
1
1
1
1
2
1
20 30 37 15
2 3
3 2
1
1
1
1
1 21 1
2
2
2
67 59 1 68
7 37
59 2 25
21 69
3
2 15
1 21
22
1
1 70
2
21 13
1
1
44
1
47 71
1
1
1
1 12 71
1
1
72
72
2
21 1
30 58 13
1 58 20
64 1 65 26
58 1 46 73 74
30
1
1
21 71
25 2
1 26
75 13 76
70
22
2
1
58
58
58
58
58
1
44 49
7 2
1 42 77 78 56
56 79
21 33
20
80 15
15
6
1
2
16
1
1 21 1
1 26
1
1
52
1
13
22
81
1 52
1 42 82 83
1
1
2
2
1
1
1
1
2
2
1
15
40 1 71 21 1 26 52
64 84 1
1 21
1
1
85
1
1 13
2 3
20
20
1
2
1
1
58
46
1 86
1
1
1
1
1
1
1
1
1
71
1
1
1
1
13
1
1
1
2 16
1 87
1
1
2
88 89 6 52
52
1
60
11
1
22
90
1
1
90
1
1 21
1
1
12 91 64
1 21 1
21 1
71
49
2
2
1
92 93 2
2
1
10 37 7
3
3 31 2 94
26 1
1
1
2 95 3
96 2 95 31
2
2
2
1 71 1
1
21 1
1
33 1
1
2
1
1
1
1
2
2
2
2
13 2
2
1 7
1 7
1
1
1
97
21
97
97
52
64 1
1 97 21
1 21
1
1 71
1 21
98
98
99
100 1 101
52
1
1
1
1
2 102
1
1
2
1
64 13
58
58
1
2
2
2
3
2
2
31 2
2
22
2
2
2
2 3
2
3 2
2
90
90
103
70
1
2
13 1 93
2
2 104
2 104 2
2 3
3
22
1
1
1 21 1
60
60 1 21
1
20
20
1 12 21
1
1
1
2
2
22
1
2
2
2
1 21 1
21 1 45
1
15
105 106 34 13
73 2
22
1
56 1
2
2
1
1
2
2
2
2
15
107 108 15
15
15
109 52
110 111 24 112 1
1
1
1
1
22
3
3
3
1
22
24 113 1
24 113 1
1 13
1
1 40
1
1 60 25
1 13
114
52
3
1
1
2
2
2
2
2
6
1
1
2
2
73 1
21 1
1 21
66
2 95 104
1
1
63
1
1
1
1 13
1
1
33
1
1
1
1
1
1 21
21 1
1
1
1
3 7
56 1 21 1 26
1
1
2
2
30
30
2
115 90 71
19
19
19 4
1
1
1 21
1
2
2
2
23
2
13
13
22
1
1
1
1
1
1
1
6
1
111 1
42 1 21 2 71
1
116 117 6 64 59
1
1
1
1
1 21
1
1
15 16
16
1
1
1
118 52
1
52 109
1
103 15
7 10 94 7
10 11
1
2
1
52
1
1
1
13 119
1
1
1
1
13 1
1
1
1 26 120 121
1
22
52
63
1
122 2
123
90
6
1
1
1
1
1
1
1
88 124 6
6
1
16 125
2
2
2 31
2
1
3
15
2
1
1
2
3
22
22
2 116
2
2
2
2
1
1
123 103
37
123
123
123
1
126 1
12
2
2
1
1
1
2
1
16
1 21
93 12
1
1
1 13 127
22
2
1
1
1
1
1
60
1
1
22
22 66
15
16
73 128 129 130 16 1
1
1
1
1 21
1
1
2 3 73 131 132
101
15
2
1
2
2
1 21
21 1
1
2
1
1
1
22
22 116
1
133 13 134 135 136 137 138 139 140 141
142 143 142 144 13
1
2
2
2
2
2
2
66 16
2
1
2
2
66
22
116 22
58
145 1
1
84
1
2
2 1 119 24
2
1
1
13
113
113
113
1
146
1 10 42
13
2
21
1
1
1
1
2
147 2
1
2
101
21 52
1
2
58
1
7 21
24 111 1
2
2
7 2 10
33
148
149 1 150 40 151
1
1
26
1
1
1
1
13
1
2
1 42
21
1
24 152 1 21
1 26
16
16
16
63
101
16
2
1
21
101
1
1
58
1
1 58
58
44
30
20
44
44
44
52
6
42 1 21
1
1
13
1
153 154 1
155
2
2
1
58 116
1 33
21
13
1
1 21
1
22 2
2
3
2
1
21 1
1
21
21 1
1
26 1
1
70
63
1
1
156 21
157 1
1
1
1
1
1
21
2 95 25
2
1
1 158 42 159
160 161 1
2
2
2
1 12
2
2
21 1
2
2
2
2
1 49
1
22
22
1
15 3 1 21
2
1 12
22
2
1
2
40 1
1
1
1
22 71 1 71
22
71
6
1
16 162
33 1
13 21
71
1
1
163 1
1
71
1
15 3
15 3 15
15
15
1
1 42
1
1
1
6
6
6
6
1
1
1
1
1
1
1
1
103 15 2
1
1
1
26
6
6 164
7 15
7 15 2
2
94 10 7 10
2
1
1 12
1
1 2
2
2
1
60
1
3
2
2
1
1
1
1
1
66
2
2
21
1
146
146
58
58
58
3
48 21
1 20 165 58 30 166 167
168 23 169 170 40 171
150 1 21
73 1
89 116 172 1
1
49
49
2
2
2
2
6
109 52
2
2
2
2
77 173 1
1
13
1
1
85
58
31 58 60 1
60
1
1
6
1
66 22
22
1
21
1
13
1
1
1
1
1
1
1
1
1
1
1
1
1
1 42
1
1
1
1
2 95 31
22
22
22 164
22 116 6
1
1
1
2
2
2
2
52
1
52
173
52
1
1
13
174 42 174 1 95 175 2
2
2
2
2
2
2
1 71
2
2
2
2
2
176
6 22
2
2 123 2
123 2
2
2
1
2
2
13 25
2
84
1
1
1
1
60
1
1
1
115
15
2
13
1
1
1
1
2
1 21
1
1 21
1
1
1 26 21 1
1
1
1
177 80 2
3 2
1
1
1
22 116
1
21 1
1
1
178 2
1
1
178 2
2
2
2
2
2
1 157
1
1
2
1
1
58 12
22
1 21 25 1
2
157 1
21 13
1
2
2
16
179
1
1 21
1
1 58
30
20
22
22
22 2
19
2
2
3
22
180 2
2
2
1
1 13
1
1
1
2
2
2
1 21
1
37 10 95 7
1 181 43
1
1
81
1
1
1
2
2
2 115
1 21
2
11
12 1
1
1
1
1
3
46 58
58
58
1
1
1
1 26
1
1
1
1
2
2
2
2
13
2
2
21
1 71
111 1
1
2
22
22
1
21 1
21
1
1
1
1
1
1
1
2
2
2
2
2
2
1 13
1
1 21
1
1
1
1
1
1
1
1
1 182 13 183
22
2
2
157 1 21 167 7
1
157 1
1
2
150 2
22 95 116
58
46 58
2
51
1
1
13
2
12
12
1
1
58
2
2
2
2
1
163
58
58
116 6
22
1
1
1
42 1
1
1
123
2
1
1
1 26
26 1
1
1
1 24
1
1
1
1
1
1
1
1
1
1
1
1 26
1 13 184 185 186 187
1 59
2
3
22
11
1
21
1
1
1
188
2
1
60 1
1
1
1
1
1
1
1
1
1
1
1
1
1
1
59 1 130 47 189 102
1
1 75 182
1 26
1
1
2
2
6
6
6
1
1
1
1
1
1 190
94
94
73 2 95 3
2 19
2
2 7
2
2
1
2
13 42
1 84 23
23 191
191 1 21
1
23
23
15
1 59
40 1
1
1
1
1
1
21 1
1
42 192 42 1
1
1 42 193
1 42 193 42
52
1
6
20
1
66
66
1
3 2
1
1
1 23
2
1
22
15
1
22
22
131 22
3
3
15
86 1
1
1
1
1
1
15
1
21
194
94
94
46 1 24 42 173 195
1
26
42 26
1
1
1
1
1
1
51
1
52 22
22
22
1
2
1
1
2
1
1
7 1
3
1
12
22
196
2
1
21 1
21
15 95 2
20 103
20 2
1 21
1
1
103
1 13 46 197 198 12 21 26
1 64
1
1
1
13
1
66
22
22
22
22
22
22
1
1
1 26 13
1 13 199
20
20
20
2
1
2
2
2
2
2
19
2 4 19
2
2
2
1
1 56
1 48 95 116 200
2
2
6
1 6
13
7 1
1 21
1 21 1
24 1
1
12
70
142 21 1
6 201
52
2
2
157 1 21
1
1
4
2
2
3
1
1 12
1
1
1
21
21
21
21
202 1
13
1
1
1
186 187 79 203 185 48 24
31 47 102 2
1
1 204 205 206 153 207 208
1
16 66
66 1
1
2
1
1
1 7
1
1
1
1
1 71
1
1
1
1
21
1
1
1
1
1
1
1
1
1
1
2 1
1
1
1 12
1
1
21
1
1
2
3
2
1
21
1
1
22
22
6
22
46
26 1
26
80 3 130 104 189 95 47 177 73
1
1
1
21
21 1
21 1
1
16 6 16
1
79
79
2
2 15
1
1
21
55 1 77 21
13 61
1
1
1
146 1
22 6
1 22
2 19 4 5
3 2
1
16 56
146 103 3 2
1
1
1
209 1
1
16
1
1
2
1 59
21
1
1
1
1
22
22 116
1
1
1
1
1
1
2 95 31
1
1
1
1
1
2
2
1
1 59
1
152 158 113
152 113
2 31
2 31
2 80
1
1
1
1
1
2
1
1 188 21
1
1
52
52
1
1
2
2 21
21
1 12 1
1
1
1
59 63
1
6
1
1
1
1
21
15
1
20
19 4
2 31
6
2
1
1
1
1
1 210 211
212 1
1
1
1 13
2
1 12 88
21 1
1 21
11
1
1
1
1 21 1
1
2
1
1
1
1
1
1
1
2
1 150
211 1
1
188
1
1 213 214 75
1
1 21
2
1
1
2
58
58
2
2
1
2
2
2
1
1
1 49 215 216 1 24 111 42 152
94
2
1
6
6
6 217
6
2
2
2
20
12 21
84 1 21
1
6
6
14
15
13
1
2
2
2
2
1
6 73
6 218 73
20
20
20
21
11
11
11
1
2
1
31 1
1
1 84
6
1 46
1 21
26
1
1 60
1
2
1
1
1
1
1
1
1
1
1
1
16
1
1 21
1
1
1 21
2
1 95 219 40 59 167 47 220 73
1 2 21 13
21 221 88 219 222
1
31 2
1
7 58
42 21
42 28 1
2
2
2 59
1 13 1
13 1
1
1
94 103
115 6 218 128
223 31 73 15 103 175 224 123 90 128 131
6
1
63
1
1
6
30
22
11 59
59 2
2
2 225 226
2
2
4
19
94
1 227 228
11
1
2
1
119
119
119
119
1
1
1 7
1 21 71 1 2
21 1
1
197 10
14
1 56
11
1
94 2
1
1
85
2
2
1 2
1
1
1 42
1
1
1
1
2
2
2
1
1
26
1
1
1
1
1 7 8 229 7
3 2
103
1
2
11
109 94 40
2
13
2
2
1
1
2
2
2
1
2
1
13
2
2
2
2
73 2
21
2
2
2
1
1
1
1
1
1
1
1
1
3 2
1 2
2
116 22
2 7 3 15
12 1
13
2
2
2
2
2
2
2
2
2
2
2
2
2
2
2
15
2
1
1
2
2
2
2
1
1
15
3
1
1
1
1 21 216
216 16
103 2 21 216
2 31
148 1
2
1
73 1
22
1 230
2
2
2
2
56 179
16
1 42
1 21
231 1
1
1 21
2
113
113
216 21
2
2
22
22
1
1 60 33
60 33 1
1
1 232
232 1
2
3
173
1
233
94
123 94
1
1
1 21 40
1
1
26 1 21
2
2
46
58
1
1 21
2 234
63 16 218 6
59 73 6
16 116
6 116
6
116 16 164
116 16 164 6 172 117
63 235 236
2 128 95 237 63 116
2
2
2
15 2
2
2
21
2
2
2 15 2
3
3
13 23
2
238 153 239 1
1
1
50 173
6 116
6 116 6
116 22
22
22
116 6
13
13 219
2
2
21
2 95 31 2
52
2
2
2
2
2
52
21
40 1
7 1 40
1
1
46 1 2
1
1
2
1
1
2
2
3
1
21 75 240 213 241 242
2
3
3 19
1 153
153 1 126
1 238
1 42
1
1
2
2
1
1
13 1 243 244 213 245 246 241 247 248 76 75
22
111 101
2
1
2 3
2 3 2
2
1
119
1
58
58
58 249
58 1
1
1
1
1
40 1
2
2
44
2
1
6
6
1
1
2
2
2
1
1
2
1
1
2
1
2
2
3
2
6
6
6
249 1
1
1
1
250 13 32
13 250 1 12 71
2
251 1 21 42 252 253
254 1
1
1
1
1
1
1
1
1
1 255
1 256
257 258 259 260 261 262 263 264 265 266 263 264 1 265
1 256
1 261
1
7 15
23 1
1
56 109 52
3 2
1
16
1
14
1
1
13
1
1
1
1
1
1
1
1
71
1
13
1
1
1
1
30
30
30
30
30
30
1
15
90 128
66
66
1 21
3
1
1
66
103
13
104 2
1 267
80 104 2
2
1
1
26 1
2
150 1
2
1
1
1
1
1
1
1
1
111 1
1
75 21 182 213
1
1
20
1
6
21 1
1
1
1
1
1
1
1
1
1
1
1
1
1
1
1
1 2
42 1
1
30 7
1
1 158
21
1 21
101
46
1
1
1
1
1 12
1
1
1
1
1
1
1
71
1 13 71
6 116
6
1 268 33
1 268 33 49 60 1
20
20
21 1
21
2
1 13
2 73
2
1
2
2
2
2
22
2
2
2
2
2
2
2
1 84
2
2
2
2
1 13
1
1
1
173 114 16 72 1 72
1 72
16
1
56 1 95 2
1
1
2 10
1
21
1
3 20
13 1
1
1 269
1
1
1
1
1
1
1
1
2
2
2
1 84
1
22
1
1
1
1
1
1
1
1
1 33
1
1 26
1 26 1 26
1
1
1
1
1
1
1
153 238 153 270 86 1 26
1
1
1
1
1
1
1 84
84 1
84
42 1
20 30
7 30
49 1 60 84
1
1
1
1
21
1 21
1
1
2
2
2
101 66
77 1
1
2
2
6
1
1
1
1
1
19
1
1
2 95 21 1
1
1
3
2
6
2
1
1
1
2 271 73
103
123 7
2
1
1
1 21 88
1
1
175 224
1
1
66
1
21
46 58
1
2
1 59
1 73
1
1
15 2
2
1 13
1
1
2
2
1
1
16
22
1
1
1
1
1
1
1
1
1
1
1
1 7
1 59
2
2
16 22
22
22
2
1
2
2
52
52
1 219
1
1
1
13
272 13
2
1
1
15
1 60
60
13
90 95 2
1
71 21 1
1
1
84
1
1 13
6
6
273 2
2
71 26 1
109 21
109 21 1
1
1
1 21
1
6
6 274
1
1
1
1
1
1
33
40 2
2
1
1
1
1
1
1
1
44
1
1
12
1 71
134 275 13
15
1
276 2
2
2
1
2
2
1
1
33
12
150 1 277
1
1
1
1
1
1 26
1
2
2
114
58
58 1
1
1
1
1
1
60
1
58
1
1
1
1
1
1
2
2
2
1 21
90
1
1
2
1
1
1
1
20
1
1
123 103 115
1
2
1
1
167 1 21
1 278
1
1
1
1
1
1 26
33
1
26
1
1
1
1
1
26 1
1
1
1
1
1
1 21 1
2
2
1
1
1
12
1
1
1
1 13
1
1
1
15
12
1 2
157 1 7 42 25 199
3
2
2
1
2
2
2
2
1
6
1
1
1
1
1 21
1
1
1
16
21
1
6
40 1
1
1
1
1
3 15
3
3 2
94
2
123
1
1
1 12
6
6
21 1 21 64
1 71 1
1 215 216 2
1
60 1
1 33
1 71 33
33
1
1
1
1
1
1 13 1
1
1
1
1
1
1
26
1
1
2
1
1
1
1 249
1
1
1
1
26 1 279
1
2
2
21 2
2 95 31
1
1
2
1 26 280
164 6 124 116 89
1
1 42
1 59
1 42 59
1 21
1
1
1
16
1
1
1
10 37 7
2
2 3
3 2
2
15
103 15 123 15 3
123 15 3 15
15 3
3 15
15 123
123 103
66
1
1
1
281 13 61 282
15
1
194 1
1
1
1
45
45
52
1
1
1
1
22
16
90
90
2
2
2
1
2
2
1
1
2
1 21
2
153 2
40 2
2 61 283 61 219
22
1
1
7 10 7 1 33
15
1
1
284 1
175
1
1
194
232
1
1
1
1
1
21 1
1
2
1
1
2
6
2
250 1
2 31
2
2
2
2
2
2
1
1
2 178
2
1
1
2
2
2
285 6
2
2
280 114
1
1 21
2
2
6
103 2
1
2
12 21 84 13
21 84 13 1 40
2
2
2
2
2 1
2
2
2
2
1 13
2
44
216
22
1
15
11
11
163
163
1
1
1
1
1
22
22
1
2
3
1
1 3
3
3
1
1
1
3
21
1
1
1 21 12
1
286
2
1 157
1
216
1
1
1
13
2
2
2 25
1
1
73 74 73 1
73 1
1
1
1
13
2
1
20
1
1
115 103
103
2
2
2
2
2
1
22
22
1
1
1
1 268
1 71 268
1
1
66
2
2
1
1
6
6 218
1
1 21
1 21 71 21 1
164 6 217
13
13
22
6 22
22
1
1
1
206 1
1
16 2
2
1
44
1
2
21
287 1
12 288
15
1
2
6
6
6
6
6
13 289
2
1
1
1
1 12
1 49
1
290 2
2
2 58
1
1
13
2
2
2
22
6
1 7 10 8 291
95
292 46
13
72 22
22
1 21 53
1 75
1
1
1 21 1
1
94
1
1
6
2
2
1 26 4
4 2
1 84 71
2 7
22
2
2
2
10 37
10 7 37
2
101
13
22
2
1
1 21
1
1
20
103
1
1
1 46
1
1
1
2
10 37
1
1
1 12
1
1
60 1
1
1
1
1
1
11
11
119
1 21
3
1
1
3
250 1 173 21
52 15
1 188
1 188 1
1
15 103 123 37 293 198 294 295 194 20
150 1
1 13
94
1
1
1
1
1
1 12 1
20
1
1
22
1
1 64
1
1
1
1
1
1
24 111 1
1
1
1
3 2
1
2
33 60
21
7 15 73 59
1
1
296 128 223 73 2 31 296
2 3 2
2
2
2
1
3
3
3 2
2
2
1
1
1 297
2
13
6 164 63
298 161 63
1
24 21 46
1
3
1
12
1
2
2
2
1
1
6
6
1
22
1
23 1 13
37
6
2
2 95 15
15
13 16 103
2
21
1
1
1
1
1
1 198
1
1
1
1
1
2
2
2
2
1
1
21
1
1
21
157 1
3
103
2
2
58 165
58
215
1
1
2
2
2
299
2
1
1
1 21
2
2
2
2
2
2
300 2
123
2
2
1
2
1
1
1
15 115
16
59 2 31
2
1 13 1 95 12
263 265 1 264
2 25
65 1
2 59 177 102
1 13 12 21
2
1
1
1
3
2
1
6
1
1
1
52
1
37 14
1
1
22
1 15
15
22
1 21 1
21
1
14
1
1 21
1
1 46
60 44 1
44 1
1
13 40
1
1
2
1
2
2
2
1 2 301
6
22
1
1
1 21 64
1
3
3
3
1
2
1
1
1 42
1 289 48 65
1
302
1
51
1
215
1 26
13 21 1 71
1
1
1
1
1
1
1 26
1
1
22 116
22
22
1 42
1 300
111 1
1
1 12
116 22
46
232
1 42
1
1
115 15 2 3 95 80 73 189 130
15 2 3 95 80 73 189 130 189 47
1 21
2
15
1
1
1
1
1
1
20
115
16
21
1 7
1
2
1
40 21
3 2
1
1
2
1
1
1
1
21 13 21
1 116
1
1
1
13
56 103 123
49 1
23 12
1
1
1
303 23 1
1
1
1
1
1
103 15
1 21
13
45 100
46
21
1
2
1
2
1 21
52 6
6
6
1
1
1
13 134 135 134
1 21
1
22 1
6 22 6 116
22 6 116
88 304 124 116 63
3 2
2
1
71
194
13
119
71
119
1
59 1
1
1 95 305
22
2
1
1
15
15
60
33 111
1
1
1
1
1
1 12 116 22
116 22
22
2
2
216
216 306
232
1
22
2
22
1
13
13 1
1
1 21
2
1
1
109 1 307
1
1
2
1 21
1
22
1 21
2
1
14
23
1 134
1 26 308 309 310
224 175 116 89 311 47 177
2 15 11 10 7
1
15
3
1
1
1
1
1
1 12
26
26
1
1 75
1
2
16
1
1
1 21
46
1
1
1 21 1 13 153 205
1
1
1 21
1 21
177 47 312 1
13 1
1
1
1
13
1
1
1
1
2
2
2
71
1
50
1
14
1
52
1
6
1
1
1
1
1
1
1
1
1
1
1
1
1
1
1
1
1
1
1
1
1
1
2
22
22
22 1 22
313 2 314
2
1
1
15
1
1 21
2
21
2
2
2
2
2
2
2
2
2
119 152 315 93
1 21 52
1
1
1
1
1
1
1
21
2
1
1
56 2
316
177 47 80 2
1
131 1
1
1
1
1
1
1
1
1
1
1
1
1
3
3
3
3
2
2
1
2
1
284 1
1 12
1
1
1
1
194
2
1
101
21
49
1
1
22 56
229 15 7 2
2
1
68 188
33 317
1
110 24 1
1
1 21
21 1
11
2
6
94
1
45
2
22
1
178 1
1 21
2 8 7 8
2
1
16 1
2
2
1
22
22
22 116
1 13 21 1
52
40 318 7
1 13
116 6 63
116 63
63
1
2
1
1
1
40 1
11
1
10 11
1
79 73
1
319 124 116 1
2
1
1
2
103
1
6
1
128 46
72
1
1
1
1
1
22
22
1 21
1
21 1 26
3
2
22
21 142
1
1
1
3 2
2
3
2 3
1
1
1
1
2
2
2
2
2
2
2
2
1
2
1 215 13
1
2
2
88 2
2
2
1
71
1
46 1
2
1
1
1
1
1
1
1 21
1
1
320 1
2
2
1
1
1
2
1
1 26 60
26
1
2
116 6
116 62 299
1 116
1
1 21 1
21 1
1
2
6
103
1
6
115
1
1
1
1
1
1
1
1
1
1
1
1
1
1
1
1
73 1
1
73 1 73
1
1
1
1
1
14 58 302
2
15 2
15
21 1
1 26
39 1 26
1
2
1
1
119
119
119
119
119
119
119
119
119
119
119
119
119
119
1
1
268 1 148 44 216 60 49
3 103
12
1
6 285
1
1
1
1 21
1
5 4
2
2
2
1
1
1
1
1
3
3
3
13
21
1
1
1
1
85
65 1 71 21 1 2
1 173
1
1 71 1
157 13
56 1 21
1
1
2
1
1
1
1
1
1
7 10 37
15
2
173
1
2
300 2 1
1
2
6
103
94 103 2 73
1
2
13
1 21
21 1
2
1
4
1
26 71
1
1
1
52 51
1
1
1
21 1 58
1
1
1
1
21
293
14
2
1
1
56 94
1
1
1
1
1
1 59
1 59 47
1 47 59
22 10
1
1
299
15
15
15
2
15
1
60
22
22
4
1
1
109 273 52
1
2
23
16
1
2
21
1
1
39 1
1
1 21 1
16
1
52
1
321 1 322 323
1 153
324 1 231
135 1
1
1 71 12
1 325
1
1
21 326 327
1
1
1 213 76 328
1 76 7 167 199 213 329
213 1
94
163
33
1
1
1
60 33
1 60
1
1
1
1
70
1
1
1
1
1
2
1
1
1
1 12
1 12 1
1
1 12 1
211 330 1
12 1 12 40
2
1
1
1
1
1
1
1
2
2
1 13
20
20
21 33
33 1
2 31
1 91
22
15 2
1
1
1
1
1
1
1
2
185 1 21
1
1
1
1
1
189 80 2 95 15 103
268
1 21
2
2
2
1
1
2 3
88 52 178
1 46 84
33
1
73 1
1 57
1
15
2
2
61 13
2
2
2
1
1
1
276 289 1 71 79
1 13 7
1
1
1
2
3
6
103
2
2
2
2
2
126 2
2 3
2 3 331 2
2 40
2
2
2
2
1
2
2
1
1
1 13
1 7
23
1
1
3
3
1
2
15
1
1
1
73 15
295 1
1
1
1
1
21
215 216 215 64
215
306
306
215 306 215
215
94
94 37
123 94 216
103 216 65 14 64 37 215 332
216
6 22 66
66 116
6 333
66 6 116
6
6
6 16 6
66 333
16 6 333 116
6
6 116
116 22
6 94 161
6
6
22
215
6
103 94
22
1
1
1
1
71 332
71 1
1 71
1
1
71 1
1
1
1
71
215 71 1
1
71
1
26
26
1
1
1
1
2
1
1
3
3
1
3
3
3 2
3
37
2
2
1
2 334
15
37 70 163
70 163 44 1
44 1
6
6 116
1
1
293
2
1
1
1
1
1
37
1
21 1
1
21 1 13
1
21
21
173 79 52
101
1
1
2
1
1
1
1
1
1
1
6
2
2
2
2
2
2
21 1 21
1 95 2
1
2
1
1
2 1
1
21 1 7 10
22
22 16 22
6
11
22
1
1
22
335 336
1 194
194 1
73 80 73 232
1
52
1
19 18 67 59
4 19
19
4
4
1 26
1 2
2
2
1
1
1
21
1
84
2
2
1
1
15
1
1
2
52
157 1
15 103
2
15
1 42
1 21
21
1 337 134 275 135 134 338
339 340 1 268
268
128 3
1 21 65
13
21
1
1
2
1
341 1
84
157 1
1
21
1 12
1
1
1 21
1
1 13
1
1
1
1
153 342 206 1
1
1
1
341 1
1
1
1
1 153 343 344 345 344
1
1
2
1
2
2
2
2
1 84 59 95 7
1 21
1 21 1
16
16
1
1
1
19
58
58
6 116
2
2 95 2
13
70
70
20
1
52
52
52
52
52
52
52
52
52
52
52
52
52
50
52
50
52
52
52
52
52
52
52
12
2
173
13
1 21 40
21 40
1
45
1
73 47 128 2 31 296 237
128 80 73 47 177 2
2
2
2
157 13 2
2
2
1
1
1
2
1
49 1
1
1 56
2
13
2
1
26
71
1
13
1
2
2
173
1
21
51
37
2
1 12
346 52
13
2
1
1
1
12
1
13 1
1
1
71 1
116 1
1 21
1 13 46 197 198 46 1
1
2
2
2 3 2
2
80 31 2
1
2
4
6
6
1
52
1 13
1
2
2
13
1
1
1
26 1
1
21
1
1
1
1
1
1
22
22
6 218
347 13
2
1 13
1
1
6
178 1 21
1 20
1 13
1
3
1
1
1
1
1 2
1
2
1
268
3
1
1
2
60
1
60
189 31 2
1
13 7
1
1
1
211 1 348
1
116 2
13
1
1
1
1
12 1
1
1 21
15
15
1
1
1
1
1 13
1
1
1 60 1 216
1 216 1
1
1
1 12
1
32 349 58 350 20 2
1
1
47 73 47 1
73 47 1 47
1
1
2
20
1 77
1 40
1 21 351
21 351 64 65
1
1
1
1
1
1
1
52
22
2
1
2
21 1
1
13
1
280 1
23
2 95 3
73 2
2
199 2
199 2
2
2
3
1
1
215
2
2
2
60
2
2
2
2
1
1 26 1
1
1
1
1 177
1
1
189 1
1
1
22
1
1
1
1
1
1
1
10 7 1
85
1
1
1
1
1
1
2
3 115
2
2
1
1
1
1
21 1
1
1
1
52
2 189
119 316 173 48 79
1
1
1
1
21 1
1
26
26
1
1 52 1
1
1
1
1
60
60
2
2
2
13 135 134 219 352 353 354 221
1
1
1
1
1
1
1
1
1
1
1
14
1 21
1
1
1
1 268
268 295
1 268 295
2
1
1
13
1 355
1
56 1 194
194
194 56
1 21
1 21 71
1 42 40 284
1
1
1
1
1
1
84
1
26
21
1
1
2
2
2
2
2
2
2
2
2
2
2
2
2
2
2
2
2
2
2
2
2
1 23 21 33
60
73 1
1 16 80 59
21
1
1
1
1
1
2
1
1
123 150
1 356
1
1
59 1
25 42 1
1
1
1
1 21 1
1
13
2
2
1
1
