1
2
3
4
5
3
6
1
7
1
1
8
1
1
1
1
1
1
9
1
10
1
1
1
11
1
1
12 13
5
14
1 15
1
1
1
1
1
1
16 1
1 17
1
1
1
11 1 18
19 20
1
1
1
21
21
1
22
1 23
24 1
1
1
1
1
1
1 25 26 27 28 29 30
1
31
1
1
1 31 32 33 34
21
21 16
35
1
21
36 1
1 21
2
2
1
1
37
21
1
1 38
1
1
1
1
1
1
1
39 1 6
1 11
1
1
1
1
1
1
21
40
1 31
41 42 43
1
21
1
33 1
1
44 45 46 47 48
1 49
1
1
13
1
1
1 50
1 31
51
52 8
1
1 31
1
21
1
37
1
1
1
1 11 1 53
1
1
21
1
51 1
22
43
1 54
1
1
1
1
1 55 56 57 58 57
1
1
1
1
1
1
1
1
1
1
1
1
1
59
1
1
1
1
1
1
1
60 1
1
1
21
1
61
27 1
21 62
1
39
24 1
1
63 39
1
2 1
21
43
20 64
21 65
21 14
14
14
1
66
1
67 21 68
1 69 70
1
1
14
1
21
1
71
1 72
21
31 1
73 21
1
6 74
74 1
75
75
76
1
13
5
5
5
1
1
1 71
1 71 77
1
1
33 78 1
79
33 1
31
1
31
1
21
1 42
1
21
1
37
1
6
1
1
1
1
1
1
1
21
1
1
1
1
37
1
21
1
21
49 1
21
72 80 81 1 82 75 46 29 83 84 85
1
86
21 16
21
21
1
1
1
71
14
6
1
14
1
21
1
1
1
1
21
1
21
1
1
1
46
1
1
1
1
1
59
2
1 87
1
1
1
1
1
1
1
1
88 1
1
1
21
43
89
1
9 74
32 23 72 90 80 33 72 1 31 2
21
23 39
1 76
1
1 91
92
1
1 93 94 21 95 49 30 29 96 44
97 1 98
1
1
1
99
100 101 102 21
1 39 11 32 103
21
1
1
1
74
74
1
104
8
1
1
1
1
80 1
16 87 13
105 21 29
99
1
1
21
1
31
10
1
1
1
31
1
1
1
1
39
1
1
1
1
2
1
1
1
22
72 1
1
1
71
82
1
21
1
21
1
1
24 1
10
1
1
1
1
1
1
32 72 1
1 94 106
11
1
1
1
1
1
1
1
1
1
1
1
1
1
1
1
1
21
40
40
40
40
1
1
1
1
1
1
31
1
1
87
87
87
107 87
108 109 87
87
87
107 33 87
87
32 110 111 110 107 87
111 110 107 87
111 87
87
1
1 71
1
1
1 71
1
31
1
59
1
59
1
1
51
8
1
1
1
51
21
1
1
1
1
1
33 32 1
32 1 16
31 30 98
112 1 94 113
1
1
114 115
115
1
1
21
1
1
1
1
21
1
1
33 1
1
1 30
20
1
20
1
1
1
1
1
109
21
1
1
1 31
76
21
16 104
116 13
13 10
10 22
114 1
1
1
21
99
1
1 32
1
32 33 1
6
117 20
1
1
1 27
1
1
1
1
1 46
32 1
1
114
114
114
114
2 31
1
1
1 118
1
1
1 31
76 6
6 31 16
109
37
11
1 31
1
1
29 1
1
6
1
1
1
1
43
42
40
1
1 119
21
1
20
1
49 1
1
1 31
37 1
1
1
1
1
1
1
31 1
1
1
31
2
1
85 11
1
1
32 72 120 8 69
21 1
1
1
1
1
1
1
1
110 97 121 122 54 1
13 1
1
1 109
109
109
1 31 123
1
109
109 4 89
4 89
1 46 1
1 124
109 5
109
109
89
1
1
1
1
71
1
6
1
1
1
1
1
1
6
1
1
1
1
31
2
1
71
1
1
6
1
21
1
1 80
1
1
1 33 32 125
1
114
126
79 1
1
76 30
1 2 31 54
1
1
31 127
1
1
1
49 1
1
21
1
1
1
1
1
1
1
1
1
1
1
1
22
13
22
22
37 22
22 10
22 10 22 10
22 10 22
22 128
22
10 22
22
22
22
59
22
10
99
1
92
1
1
14
129 130 1
1
39
39
32 81 1
1
1 21
21
21
1
1 30
1
30 49 1
1
14
21 131
21 1
76 31
1
1 33
104 132 133 40 134 135 124 33 32
32 1
1
20
1
21
1
1
1
31
1
1
31
11
31
1
37
92
1 31
6
1
46 1
51 1
1
21
21 1
136
46 1
137
1
1
1
1
1
6 59
21
21
1
1
120 1 21
77
138
99 109 139
99
1
1
1
1
1
140
1 94 29 27 33 31 91 111
1
1
1
1
1 16 32
1
21
141 142 1
142 1
1
1
1
10 22 10
10
10
10 81 33
10 81 33 81 32
120 46
43
1
76
1 16 1
40
40
40
1
1
21
21
1
143 25 144 145 22 43 37 1 146 135 16 147
1 148
1
1 130 15
8
1
31
1
39
1
1
1
1 149
1
150 1
1
151
1
1
76 11 1 69 127
33 32 1 37
1
1
59
10
1
43
126
126
1
1
1
1
1
1
10
1
1 152
1
1
59
37
1
21
1
1 76
1 37
21
1
1
77 20 153 154
20 1
77 1
153
1
1
1
1
1
1
1
1
1
1
1
1
1
1
1
150 1
1
1
1
1
2
1
21
11
155 6 1 76
1
1
1
1
1
31
37
1
1
1
1
21
1
1
31
1
1
1
1
1
1 39
1
1
130 1
1
1
1
1
1
32 1
1 33
1 31
22
22
27 43
1
31
1
43
1
21
1
1
1
11
92
156 1 31
157 1
1
21 14
21
1
109
21
1
1
1
1
1
11 21
22
1
32 1 52 158
159 52 32 1
1
1
1
1
21
21
21
21 94 1 76
1 62
62 1 32 69
1
1
37
43
37
1
104
104
10
43
160
160
160
160
160
160
160
160
160
160
1
1
1
1
1
99
78
1
1
1 31
6 126
1
1 37
109
1
1
31 1
1
92
92
92
92
92
1
11
1
1 161
1
1
53
1
5
1
53
1
1
140
1
1
11
53
162 114
1
163
1
162
21
1
71
14
1
5
1
1
1
1
1
1
1
1
1
1
1
1
1
164
165
1
1
114 1
1
21
1
1
21
1
1
29 1
1
21
31
1
1
31 11
1
1
1
1
21 166
13
1
71
167
1
1
1
1
1
76
43
43
21
168 1
1
99
1 169 76
1
1
1
6
1
1
21
46
1
1
1
114
21
1
4 86
1
170
1
1
1
1
1
1
1
1
59
1
21
1
1
1
1
1
1
1
1
1
126
1
1
1
1
1
1 24
37
1
1
21
6 1
1
1
1
140 171
171
1
1
1
1 44
1
1
21
31 1 30 172 28 94 30
1
1
1
1
1
1
1
1
1
1
1
1
1
1
1
1
1
1
1 8
76 1
1
1
1
1 130
1
1
1
1
1
1 158 32 34 124
22
43
1
1
1 22
1
1
31 1
1 31
1 49
1 49
14 21 33 32
1
1
1
1
1
1
1 76
1
1 31 1
43
163
1
1 139
1
1
11
1
1
1
31
10 41
1
1
1
1 37
21
1
53
1
1
1
1
1
173 1
32 33 158 1
33 158 1
1
1
1 16
14
1
1
1
5
1
1
43
1 50
1
21
32 1 69
114
1
21 14 21 33
21 33 32 80
59
1
1
21
21
1 174
21
10
1
21
1
1
1
1
1
1
1
21
1 175
1
1
1
1
1
1
1
1 78
1
1
1
39 82
1 33
1
1
32 1 114 126
135 21 94 29
21
1
39
1
39
1
4
1
1
21
1
6
1
1
21
1
6
135 16 109
16 109 99
99 13 21
13 21 94 41 176 177
1
1 178
111 32 1 95 179 95 49
1 32 33
1
99
1
32 72 33 48 180 125 181 182 1
1
1
6
6
6
6
6
6
69 1
11
183
1 21 30
80 34 72 1 10
72 1 10
10
1
1
1
5
15 31
1
1
1
1
1
1
1 183
21
1
21
1
76
1
71
39
1
1
1
6
1
11
1
1
21
1
1
1
1
1
1 184
6
1
21
21
1
1
1
1 21
21 166
1
1
1
1 71 78 102 185 50 16 30 49 29 27
31 1
1 31
1
43
21
126
1
126
1
59
59
1
1
1
1
1
111 72 1
133
5
1
1
1
14
6
1
1
1
1
5
186 1
186 1
1
1 32
1
173 187 173 1
173 1
1 188 123
1 188 123
21
86
86
21
21
21
1
1
1
43
99
99
99
99
99
99
1
39 1
92
3
3
3
3
9
9
9
39
92
21
3
3
9
3
1
1
21
1
166 13
13 66 189
21
21
1
1
126
1
1
59 135
1
1
1 16
1
1 11 15 33 32 178
1
1
1
1 33
37 99
1
1
74
76
31 1
1
1 31
1
178 1
1
153
1
1
18 20
20
1
1
1
190 191 190 1
21
1
21
1
1
1
1
1
1
43
1
151
10
43
1
1 130 69
1
1
43
43
162
99
1
117
1
76 1 31
1
1
1
1
1
10
1
31 1
1
1
1
1
1
74
1
1
41 43 16
1
1 181 192 118
1
1
1
1
33 1
1
1
13
1
80 33 1
1 31 69
22 37
1
21
14
1 99 39 32 178
32 99 39
1
74
74
11
1
1
1 33 125
1
90 32 1
1
99
1
1
1
1 11
1 21
66
1
1
1
99 13 99
99
87
14
1
37
193 1
1 90 33
194
194
1
1
194
1
1
146
74
1
1
38 1
1
1
1
1
153
1 32 125 195 112 47
59
1 52
12
20
1
1
1
1 48
1
1
1
1
1
10 196
10
39
1 21
1
1
1
1
1
1
1
197
22
69 1
99
99
1
1 31
1 43
1
1
1
1
1
11
1 30
69 1 114
1
21 94 2
1
1
1
140
1
1
66
1
21
1 90
1 76
39
1
1
1
71
71
71
1
71
11
76 1
10
1
1
59
1
1
1
1 6
6 1
1
1
1
1
76
6
6
6
6
1
43
46 52 32
1
1
153 117
43 101 185 101
21
1
1
1
1
1 198 11 199
1 200
21
1
1
1
13 32
11 147
95 1
1
1
31
99
1
39
1
1
1
1
31
1
1
1 71 39
1
21
1
6
59
1 112
1 112 201 32
201 32 72 53
1
32 72 80 33 32 80 1 69
32 80 1 69 30
1
109
33 32 23 1 37
1 37 21
1
1
1 69
1
1
1
1
1
1
1
1
21
111 32 33 1
32 33 1
1 21 94 16
1 32
1 21
43 1
21
1
1
21
1
37
79 167
166
11 1
1
1
1
1
1
1
1
1
1
1
166 202 91
174 1
1
1
32 33 32 1
21
59
1
1 71
1
21
1 31
203 204 1
203 204 1 31
1
1
1
1
1
59
1 105
114
114 22
114
1 76
21
1
21
21 14 1
21 14 1
1
1
80 32 1
38
32 1
5
72 205 11
1
1 32 72
1
1
1 39
1
1
1
1 206
1 31 1 76
99
6
1 207 24
1
1
31
168 1
1
2
1
1
11
1
1
47 33 1
33 1
1
1
1
37
1
87
109
39
87
11
1
1
1
1
1
1
1
1
1
162 146 162
1
1
1
1
1
1
1
1
1 162
1 162 1
1
1 32
1
1
1
1
1
1
1
1
32 1
1
1
1
1
1
1
1
71
1
1
1
1
1
1
1
1
1
1
14
1
1
1
1
21 208 15
1
1
1
32 1 209
1
37
1
1
1 63
1
31
10
210 10
1
1
1
1
39 1 27
1 90 124 32 90 80 1 124
1
1
1
1
90 158 72 32 54 1
16 21
1
1 211
1
1
5
1
1
1
31
13 16
1 76 1
1
1
53
130 53
130 53
20
1
165
165
1
212 37 1
21
99
1
14
164 99
1
1 11
76
46
71
1
1
92
76
66
1
21
31
99 1
1
1
1
10
10
22
21 213 214 147 215 216 69
1
1
1
1
1
1
21
1 6
1 6 1
27 6 1
1
1
1
10
1
1 149
1
1
1
1
1
217 1
1 82
22
1
1
165
1
99
21
43
42
1
1
53
53
53
53
53
53
74
218 118 1
16 1
194
1
1
1
40
1
1
46
1
1
1
1
1
1
1
1
1
11
1
1
1
1
1
1
1 31 76 15
1
1
31
1 110
1
1
1
1
1 21
1
1
99 13 87
87 109
1
1
1
1
43
1
1
1
1
1
13
164 66 21
66 14
21
21
1
21 16
1
1
1
1
1
21
1 118
31
21
1
1
1
1
1
117
1
1
1
21
1
1
104
104
59
59
1
10
1
1
1
1
1
21 31 1
1
1
1 32 80 219 220 221 122
1 147
21
76
140
6
104 5
109
99
1
1 53
99
99 212
1
99
1
21
147 11
1
1
75
79
1
79
79
21
1
1
193 222 117
1
223
21
1
1
1
1
1 16
76
109
13
1
183
13
22
1
1
21
1
1
1
21
1
1
1
11 29
1
1
1
1
86
20
46
21
153 44
224 225 226 224 227 1
225 226 224 227 1
1
1
10
1
1
1
92
92
1
1
1
1
1
10
10
1
13
1
109
14
14
14
14
14
14
14
14
1
37
21
1
1
13
1
1
