1
1
1
2
1
1
1
1
1
1
3
3
4
2
3
3
3
1
1
1
1
1
1
1
5 6
7 5
8
1
1
1
1 9
10
1
1
1
1
1
3
1 7
1
1
1
1
1 11
1
1
1
1
1 12
1
1 13
1
1
1
1
1
14 15
3
5
3
1
1
1
1
1
1
3
1
1
16
16
16
1 11
1
1
1
1
1
13
3 17
1
1
1
1
1
1
1
3
3
1
1 18
18
1
1
1
19
1 19
1 20
19
21 22
1
3
3
1
3
17
17
2
23 24
1
23
23 17
1
25
26
3
3
5
27
1
3
28
1
27 29
1
1
1
1
5
1
1
1
30 1
1
1
31 32
32 33 28
34
3
1
1
1
1
1
1
4
1
1
1
1
1
1
17
3
3
3
3
3
3
19
1
1
23
1
1
3
3
3
3
3
17
3
1 35
1
1
1
1
1
1
14
1
3
3
1
1
1
8
1 36
1
1
1
1
1
1
3
3
37
3
3
1
1
3
24
35
18
18
1
1
1
1
1
1 38
1
1
1
1
3
1
16
1 38 1
1
37 39
1
1
1
1
1
1
14
1
1
1 29
1
1
1
1 38 1
3
1
3
1
1
1
1
1
3
1
1
1
1
3
3
17
40
5
1
1
1
1
1
3
16
16
1
1
1
1
1
5
1
3
5
8
41
1
1
8
3
3
3
1
1
1
42
42
3 14 3
1
1
10
1 38
1
1
1
1
1
1
25
3
1 5
8
8
1 11 1
1
1
1
1
1
1
17
43
1
24
1
18
1
1
1
1
1
44
1
3
3
1
1
1
5
3
1 5
1 45 46 47 48 30
1
49 13 30 48 50
3
3
17
1 11
1
1
1
1
1
37
1
1
1
1
1
1
1
1
4
4
1
1
17
1
1
5
5
18
1
1
1
1
1
1
1 13
27
1
1
3
1
1
1
3
3
3
3
3
1
1
33
13
29 51
52
52
1
1
1
1
1
3
1
3
53 19
53
1
1
1
1
1
17
1
1
1
17
10
1
1 12
52 24
1
54 55 56 8 1
8
1
1
3
57 52
1
14
3
3
1
1
8
8
16
37 18
8
17
17
17
17
8
1
1
1
1
1
1
1
5
32
19
27
1
1
11
1
1
1
1
16
19
1
1
1
3
1
1
13
5
1
31
58 31
3
1
12 1
1
12 1 59 60 61
1
17
1
1
1
3
1
1
24
1
1
16
1
1
1
1
3
62 1
62 1 63 62
1 11
1
1
1
1
3
3
1
3
3
1
8
8
1
1
1
1
1
3
5
1
1
1 38
1
1
64 1
27
65 5
1
27
1
1
1
3
3
1
3
3
3
5
17
3
41
1
3
1
4
1
1 38
1
1
1
1
3
42
66
27
27 67
17 27
17
27
1
1
3
2
2 4
1
1
18
1
23 27
23 24 27
24 27
27 15 68
27
27
24
27 69 70
1
3
14
1
1
1
1
1
1
1
1
14
3
3
1
1
1 5 1
5 1
1
1
1
1
5
1
1 3
3
3
3
5
1
1
1
17
1
1
3
3
17
42
27
1
27
27
4
1
16
1
34
5
3
1
1
1
1
4
18
1 5
71
19
1
1
1
42
1
66
31
1
1
1
1
1
1
3
1
1
1
5
1
1
1
52 18
3
1
72
1
1
1
1
1
1
1
73
73
27 17
3
1
3
17
1
31 74
1
1
3
1
1
1
1
1
1
1
1
1
1
1
3
29 1
1
3
1
3
3
3
1
4
4
2
3
4
4
1
1
11
1
5
52
1
1
1
1
1
2
3
1 44
1
1
1
75 42
1
1
1
3
1
1
76
1
1
1
1
1
1
2
27
7 5
5
5
5
5
5
1 5
8
16
52
14
13
5
13
66 77
1
66
1
1
1
1
1
1
1
1
14
1 5 1
1
1
3
1
1
22
1
1
1
1
1
8
8
1
1
42
78
1
1
79 1
22
3
3
1
80
1
1
1
5
1
1
1
16
1
1
1
1 5
3
1
1
1
3
17
17
30 1 64
1
81
73
66
1 5 38
2
3
1
1
1
1
17
41
1
1
1
1
53 19 82
4
4
4
1
1
3
28
83
3
1
1
1
1
3
1 5
3
61 1
1
1
1
3
1
1
1
1
3
1
1
66
1
3
1
1
1
1
1
1
1
1
2
4
27 14 24
1
1
1
1 38
3
3
1
5 31 32 33
31 32 33 84 85
84 85 86 7
1
3
3
1
1
3
52
3
1
1
1
1
1
3
3
3
1
1
1
1
3
3
1
1
1
1
1
3 17 3
17
1
1
1 5
1
1
1
44
33
38 1
1
5
1 29
1
19
19
3
1
3
1
1
1
1
3
1
3
1
1
1
1
1
1
3
1 87 88 39
1
1
3
1
1
89 1
2
1 30
1
1
1
1
90
90
90
90
90
90
90
90
75
1 35
86
91 27
52 91
15
15
15
32 31 92 28 33
1 5 13
3
1
1
3
1
8
1
1
1
1 35
1
1
1
3
82
5
93 94 77
1
12 1 95
3 17
3
3
3
3
56 8
3
1
1
1
1
1
1
51
42
1
3
1
76
1
1
1
1
1
3
1
1
22 78
3 96 97 98
27
29 27
27 99
3 27
100 12 100 1
1
27 15 3
3
3 27
1
8
13 1 5
1
5
1
1
1
1
1
1
1
3
1
1
1
1
1
1
1
2
18
82
3
1
1
1
11
1 5
17
35
1
14 42
1
4
4
1
1
1
1
17
13
13
5
5
1
1
1
13
1
3
3
3
1 5
8
3
1
1
2
3
19
52
82
17
3
3
1
14
3
3
3
1
27
1
1
3
8
3
3
3
1
3
1
1
13
3
101 102 103 3
3
3
3
3
3
3
1
3
3
1 5
5
1
1
1
1
1
1
1
3
1
1
19
1
104 1
35
1
1
1
13 105 1 12 106
1
27 3
1
1
1
1
1
1
1
37
87 37
14
4
87 18
18
1
1
3
3
1
17 3
27 14
1
1
22
1
8
33
94 66
1
1
8
3
1
3
3
3
3
107
1 38
1
1
1
1
1
3
3
13
107 5 76 1 72 38 16 8
1
3
3
3
1
3
1
86 1
4
1
90
90
5
5
5 1
5
5
1
3
3
1
1
1 5
4
2 4
1 13
17
107
52
14
79
1
29 108 3
109 42 56
8 63 110 111
3
42
1
3
32 33
33
3
1
1
5 1
1
18
1
1
16
82
1
1
1 11
1
1
1
1 35
3
1
1
1
12 1
1 5
1
1
72
16
3
44 33
8 56
8 56
8
56 8
3
3
3
1
3
1 5
1
1
5
2
17
3
1 35
1
16
16
37
73
1
1
1
33
10
17
17
17
24
1
1
1
34
34
1
1
1
1
1
1
1
5
1
3
31
1
5
1
5
1
2
2
2
35
27
33 28
86
112
1
76 1
1
11
1
1
3
3
1 35 1
1
1
1 72 11 35
1 5
1
1
1
1
4
4
1
1
42
5
1
3
1
18
3
1
1
1
1 44
1
1
1
1
1
1
1
1
1
1
1
1
1
1
1
3
1
1
1
1
1
4
1
1
18
1
18
31
3
1
11 1
1
1
1
1
1
38
1
56 1
1
1
1
1
1
1
18
1
1
113 1 13
1
1
1
1
1
3
3
3
3
1
1
2
2
1
17 3
82
82
82
1
1
1
1
1
1
24
24
27
1 5 11
1
1
1
84
81
84
104
84
114
1 7 5
5 1
31
1
1
1
1
1
1 5
5
1 61
1
1
81 115 1
81
1
1
1
1 11
1
3 24 116 108 29 117
24 116 108 29 117 95 52 24
1
27
51 24 27
3
22
3
3
3
1
1
3
1
1
27
14
1
38
1
1
52
118
118
52
52
52
118
52
3
3
3
1
3
1
11
1 5
1 44
13
1
1
1
1
1
1
1
1
1
1
52
52
1
1
52 119
8
8
1
1
1
1
1
3
1
14
1
1
1
5
1
1
1
120
120
120
120
1
1
1
4
3
1
3
1
1
121 29 27
1 12 100 12
3
37
1
3 12
3
1
1
1
1
1
42
42
1
5
4 2
4
2
3
3
1
1 11
3
1
29 1
1
1
4
122 41
35
1
37 22 83
8
123 5
1
3
42
1
1
1
1
1
1
1
1
1
1
1
1
3
3 124
1
1
1
1
1
1
5
1
18
8
8
8
8
16
3 125
3
1
1
5
8
5
3
1
1
3
3
3
1
1
18 126
1
103 51
23 17 27
51
1
3
3
1 5
1
1 108 127
105
46
128
1
1
27 17 3
3
3
3
19
16
3
3
3
1 12
1
14
27
3
17
17
17
17
1
3
17
1
16
16
16
16
17
17
17
3
17
1
129
1
3
3
1
38 1
4
2 4
4
1
3 27 14
1 38 1 5
7
1
1
1
1
1
1
1
1
1
1
1
1
1
1
1
1
1
1 13
13
1
84
1
1
1
1
1
1
1
3
3
3
3
3
1
1
1
1
1
1
1
1
1
1
1
1
73
41
18
1
1
1 14
1
1
1
3
3
14
14
1
5 1
3
1
3
17
5
22
1
1
1
41
1
1
1
1
62 1
1
1
18
1
1 46 64
18 29
1
3
3
1
3
3
13
1 121
1
1
1
1
1
1
5
35
1
1
1
1
51 94
1
1
27
1
3
17
30 37
42
42
42 34 130
85
1
5 1
42
7
16
16
131 27
3
14
14 17
15
1
1
1
1
5
1
1
3
25
25
25
73
73
73
1 18
3
2
3
17
1
1 5
1
1
3
132 1
1
37
1
1
1
1
5
1
3
3
3
3
3
1
3
1 5 1
52
52
52
18
37
73
22
3
1
1
44
11
11
11
11
17
19
19
19
1 95
1
1
3
37
27
3
8
13
1
1
1
16
1
1
1
1
1
1
1
1
1
1
1
1
1
1
1
1
1
1
1
66
1
3
27
1
1
1
11
1
1
1
1
1
1
1
1
1
15 14 27
1
1
1
1
1
1
1
1
35
17
1
1
1
27
4
8
4
8
1
1
3
1
10 17
1
1
1
1
1 133
1 133
1
3
1
1
42
42
1
120
5 64
19
1
4
4
4
4
4
17
41
41
82
15
1
1
1
1
2
2
2
3
1
27
5
5 12
1
3
3
8
1
2
4
1
13
42
42
134
134
134
1
1
1
27
42
3
1
1 135
1 38 65 1
16
1
1
1
1
24
24
24
1
1
38
1
1
1
1
17
1
13
1
1
1 128 136 33
33
3
17
17
2
1
13 1 137
1
1
1
1
1
1
27
138 12 1
1
1
1
3 14
3 73 29
1
18
134
3
1
17
3
1
3
41
3
3
1
13
1
3
3
1 22
1
5
17
1
1
3
1
1 9
3
1
1
3
3
1
2
1 5 1
85 1
3
3
3
3
3
3
3
3
3
3
3
3
3
3
3
3
3
3
1
3 17
139
3
1
1
2
1
11
11
1
1
1
1
2
1
1
3
1
3
3
1
1
1
1 13
1
3
27
1
4
5
3
19
14 27
14 17
130
3
3
3
3
15 27
3
3
27
3
3
3
1
3
7
1
1
1
3
3
3
95 1
1
1
1
140 1 7
1
66
1
1
1
1
1
1
1
1
1
1
1
1
14 27 23
1
3
3
19
132 19 141
1
1
1
32
3
7
28 33 31
31
31
1
3
17 3
19
1
1
142 3
1
1
1
27 29
4
4
1
1 5
1
1
1
1
1
1
5
1
1
3
1
1
3
17
3
17
1
27
19
19
82
27
1
1
3
3
3
3
3
3
3
1 11
3
1
1
3
1
3
3
3
1
1
5
1
5
1
143 43
35 13
11 1 11
11
1
1
11
1
14
1
7 64
27
18
1
81
81 86
81
1
81
1
81
1
81
1
13 144
1 38
3
1
1
1
14
1
1
1
1
1
1
1
1
1
16
1 11
1
72
3
3
3
1
1
14 27 23
1
1
1
3
27
3
1
1 5
1
17
52
1
17
8
12 100 1
12 100 1
42
3
3
3
1
1
1
1
1
17
3
3
1
1
7 1
1
1
1
1
1 145
1
1
35
1 13
3
46 1
27
77 94 66
82
82
3
1
1
1
1
1
1
3
3
123
1
1
14
11 1 146
25
3
1 5
1
5 1
1
4
1
1
35
3
3
3
3
1
1
17
1
3
27
1
1
13 147
3
1
1
1
1 5 1
5
1
1
5
46 1
42
1
1
1
1
82
1
52
78
11
3
14 27 3
1
1
123
123 56
123
130 146
130
123 56
73
1
14 23
1
1
13
1
1
1
1 5
8
1
17
22
1
1
1
1
1
1
1
1
3
1
1
1
1
1
13
2
2
66
83
1
1
1
1
1
1
3
3
73
1 11
1
1
1
1
1
1
3
1
13 35
1
23 27
1
12 1 148
1 5
1
17
3
1 100
1
14
1
82
2
2
3
1
1
8
13
41
3
1
3
17
66
1
1
1
1
3
3
2
1
1
1
1
1
1
1
1
3
1
1
22
1
27
25
25
128
1
1
1
4
11
1 149
1 5
46 1
28
1 38
3
3
3
3
3
17 29
1
1
17
1
19
1
1
1
1
44
3
3
1
1
1
1
1
3
17
3
3
4
37
27
1
12 150 1
1
5
1
1
1
1
82
1
1
27
1 29
43 22 43
82
82 151
82
3
3
17
1
1
1
3
3
1
1 152 135
18
3
1
1
1
1
153
1
1
1
1
3
3
13 1 46
154 13 49
70 13
1
3
1
18
27
27 17
1
3
3
3
8
1
1
1
1
1
1
123
35
8
123
123
123
123
2
8
107 155 156
1
3
1
112
1
1
1
1
1
82
1
1
1
82
3
1
3
52
1
5
3
14
1 64
1
1 5
1
14
153
153
1
1
1
1
1
1
1
1
1
1
1
1
38
1
1
1
38 1
1
5 1
1
1 5 1
1
1
5
25
1
1
1
3
1
3
4
4
4
4
4
4
1
1
1
15 17
2
2 4
4
27
1
1
1
1
1
78
1 5
3
1
35
1
1
1
1
86
86
1
1
3
1
1
1
5
1
1
1
1
1 38 1
1
1
1
1 88
1
1
1
1
23 14 24 27
1
5 1 11 157
3
3
19
3
85 81 28
5
1
27 14
52 42
1
1
120
120 52 120 158
120 158 120
24
1
1 5 1
1
1
1
1
1
52 1
1
1
3
1
3
27
25 42
1
8
1
2
2
1
1
14
84
84
5
84 33
1 84
1 84
84
84 27
3
1
1
1
1
1
1
1
35
27
27
27
1
8
1
1
39 159 18
1
1
1
1
1
1
1
3
3
3
23
3
3
11 160 46 161
11 162 163 164 165
166 123 56 159 167 168 169 170 171 172 88 173 174 56
123 175
1
1
18
1
12 5
17
82
17
17
3
3
3
1
35
3
66
66
66
66
25
1
1
1
1
1 100 12 176
1 35
12 1
1 100
12 1 35
1 35 1 12 74
1 12 74 12 138 177 74 100 176
1
1
1
129
1
1
1 12
1
1
1
1
3
1
13 1
1
1
1
1
3
1
1
78
1
1
52
27
3
178 179 180 181 13 5 182
5 182
1
5
73
3
1
183
139
183
1
1
1
1
1
3
1
3
29 1
1
1
27
1
1
1
1
1
17
1
1
3
41
1
1
1
1
1
1
38
19
1
86
3
3
1
1
1 184
7 1
7
5
1
11
7
11
38
38
38 185
1
1
38
1
3
3
17 27
3
13 35 74
1
1
1
1
1
1
1 35
1
1
3
3
3
3 24
3 24
1
19
1 38 1
1
1
3
1
3
3
1
1
3
3
18 37
3
3
1
1
11 1
1 11
8
1
8
8
1
1
1
17
1
3
3
3
1
1
1
1
1
1
186 1 45
3 27 14
1
1
1
1
1
1
1
1
2
1
1
5
1
1
1
1 41
1
17
17
17
17
1
17
17
17
17
17
42
1
1
3
3
3
187 1
1
73
1 5
14
1
5
27
72 1
3
3
1
3
3
3
3
3
3
3
3 1
1
1
1
1
1
1
14
13
13
3
3
1
3
13
13
11
1
1
1
1
1
1
3
1
70 1
1
1 70 61
1 12
1
1
1
1
1
1
1
3
16
1
3
1
1
3
3
3
1 11
3
1
1
1
1
1
3
1
1
1
1
1
1
1 105 151 29 188
1
7 1
1
18
18
1
1
1
1
1
13
1
1
1
1
13
1
3
52
4
19
1
153
1
1
1
116 27
1
1
1 5
8
73
1
132 1
1 5
3
1
66
52
52
1
13 1 38
39 37 18
1
1 64
104
20 1
1
25
25
1
1
84
27
27
27
1
1 5
1
8
8
8
8
35
66
6
82
82
52
1 30
1
1
1
1
1
1
1
1
1
1
1
1
1
1
1
1
1
1
1
1
1
1
1
1
17
3
1
1
1
1
5
1 5
3
18
1
1
1
52
1
1
1
1
1
1
3
5
1
1
1
3
1
1
1
17
1
1
1
189 5
5 1
1
3
3
3
1
1
1
1
1
1
1
1
1
1
1
1
1
13
5
3
128
27
1
5 190
5 1 46
27
3 17
3
1 29
1
22 1
76
1
27
1
1
1
1
17 3
42
42
42
42
42
42
17
17
17
1
1
28
1
1
1
1
1
1
1
1
1
1
31 32 81 84 85
1
1
1
1
1
1
1
1
14
1
1
1
1
72
1
1
1
41
8
191 45 1
1
3
2
1
35 1
1
17 23 3
3
3
17
1
3
3
1
1
35
1
1
1
1
1
17
1
1
56 8
1
1
1
3
3
13 192 193 194 195 196
3
3
3
1
1
52
1
1
53
13
1
1
1
1
1
3
73
1
3
27
27
27
27
27
27
27
78 197 198
17 3
3
100 1
1
2
1
17
5
41
14
5
41
41
41
1
13
1 35 1
82
1
16
16
3
1
1
1
1
1
1
1
1
1
44
1
1
42
42
1 13
11
1
1
29 146
3
3
1
1
15 27
41 1 72
1
5
5
3
3
1
1
1 5
1
3
1
1
1
1
1
66
199 1 132 29
200 1
82
3
3
1
1
66
17
1
1 5
1
1 35
1
17 3
1 5
1
1
1
3
1
1
4
2
116
1
1
13
3
3
3
1
3
1
1
1 11
13 70 201 202 203 180 204 178 205 206 69 205
3
17
1
1
1
3
8
28
32
1
52
1
1
5 1
1
35 1
8
17
8
1
17
1
1
1
1
1
3
1 7
3
3
1
1
1
33
1
1
1
3
1
17
31
1
1
18
1
1 18
1
1
3
1
1
1
1
1
1
42
42
12 74 1 29
1
1
5
1
15 3
207 12 208 100 12 41
41
1
1
1
3
1 5
1
1
1
1
42
3
3 27 14
52
1
3
1
1
23
1
1
66
3
1
1
112
112
74 1
1
1
1
1
1
1
1 121
1
3
27
1
17
73
1
27
27
29 24
24
1
1
1 35
1
5
32
1
1
2
3
1
1
1
1
3
1
1
1
1
1
1
1
1
1
1
58
35
3
11
82
31
1
4
4
18
14 29 108
82
82
1
17
3
1
1
1
1
1
5 209
1
1
1
1
1
18
1
8
32
1
18
3
13 210 211 212 213 214 215 216 217 218
1
16
1
1
1
3
3
3
1
1
1
1
5 1
1
1
1
1
1
1
3
3
3
3 17
17
82
1 3 13 1
3
1
1
1
1
28
73
1
1
1
1
3
75
1
1
1
1
1
3
3
1 7
1
1
1
1
1 12
1 12 219 100
77 66
1
1
1
1
3
1
1
3
1
1
1
14
27
1
1
1
1
3
1
220
3
3
3
3
3
1
3 17 3
3
3
3
3 17
3
3
3
29 1 12 106
1
1
1
3
1
1
1
1
17
1 13 1 11
1
1
1
3
27
4
1
66
1
1
27 23
13
1
1
1
1
1
1
11 1
3
3
5
11
1
41
41
1
1
1
1
1
1
1 135
1
24
1
1
1
1
1
1
2
2
1
3
3
1
1
1
8
4
1
29 3
1 221
1
1 65
83
83
8
1 11 7
100 207 222 12 138 223 1 46
1 46 64
17
5
44
11
1
1
1
1
1
1
19
82
1
8
1
41
1
35 1
35
1
1
1
1
1
1
1
22
22
22
22
22
22 1
22
13
22
1
1
1
1
1
1
1
1
1 35
1
1
1
1
22
22
22
22
22
6
1
139
4
1
1 5
22
38
1
1
1
1
1
1
1
1
7
3
1
23
17
3 17
13 224 225
3
1
3
1
1
52
3
1
1
1
1
1
19
3
1
1
1
1
1
1
19
82
82
82
82
82
82
19
15
27
82
1
1
3
1 5
1 161
1
130 73
14
1
22
14
14 226 52 56 8
52
1
1
3
3
1
3
1
3
17
1
32
31
32
1
32
28
32
1
32
32
28
31
32
13
1
3
3
3
1
42
1 11
1
37
11 1
1
1
27
52
1 150
1
1
1
1
17
1
13
1
1
1
24
5
3
1
1
227 1
1 121
1
1
1
1
1
1
13
1
1
3
1
1
17 3
1
3
1
1
228 1
1
13
1
107
1 7 1 38
29 23
1
20
20
8
16
8
1
1
1
1
1 191
130 1
130 1 130
130
130
25
41
1
3 1
3
3
3
3
3
3
41 1
1 229
14
1 35
32
1
3
1
5
39 18
230 1
1
31
5
8
1
3
1
1
11
1
205 1
1
27 29
1
3
18
1
1
5
1
1
1
1
1
1 11
52
52
14
1
1
1 132
1
1
1
1
1
1
4 1
1
3
3
3
3
3
3
1
3
1
1
1
1
1
3
2
1
1
1
1
1
1
1
1
3
3
3
1
1
1
1 41
1
1
1
1
1
1 186 231
1 186 231 186 1
1
1
5 232
1
1
1
1
1
23
1
1
1
3
1 7 5 1
4
4
4
4
4
4
17
3
3
1
3
1
37
18
3
4
38
1
3
3
3
1
1
19
3
1 5
5 1
5
5
13
3
18
18
1
1
17
1
233 1
3
1
1
1
35
35
1
12 16
3
1
100 1
1
1
1
1
1
1
1
13
1
1
1
4
3 17
3
52
37
52
1
1
3
234
78
13 235 236 237 157
1 35 38
3 27
3
1
18
1 5
27
3
1 38 31
31
38 1 31
28
1
1
1
1
1
1
3
180 1
1
37
1
1
3
1
1
1 35
226
1
3
1
1
1
1 13
1
82
12 3
3
3
3
3
3
1
1
3 17 3
1
1
1
1
1
1
1
1
1
14
66
1
1
1 38
14
1
1
1
1
11
1
1
1
1
1
8
1
1
27
18 37 45
1
1
1
1
1
1 72
1
1 238
1 238
1 238
1
1 238
1
1
1
57
84 85
1
19
239 27 240 1 186 61 3 29
1
3
14
3
3
3
3
5
4 2 4
1
22
22
1
5
5
1
3
1
1
8
8 241
3
3
3
1
1
107
13
5
1
1
1 5
1
1 38
1
4
1 29
1
1 56
1
1
17 3
1
1
22
8
1
1
242 37
1 13 104
5
1
153
243
1
1
16
1
14
1
1
1
52 244
1
11 1
3
5
11
25 66
25
14
1
82
17
17
3
3
3
3
3
1
5
16
1 5
1 5
1
3
3
1
1
17
1
1
3
1
8
7
82
66
3
1
1
27 245 94 23
27 23
27
52
1
1
1
1
1
1
76
76
1
3
3
1
1
1
3
1
3
1
1
2
4
3
1
1
1
1
1
1
108 3
3
1
24
24 23
1
1
3
1
1
3
3
3
15
3
3
8
1
1
5
1
1
1
3
30 1
3
3
3
3
3
3
1 5
1
2 64
26 73
82
18
1
1
17
42 5
17
17
1
1
1
1
6
1 35
1
3
1
27
1 11
7
1
1
10
10
20
1
1
72
1
3
73
1
1
17
3
130
37
1
1
1
3
1
1
1
1
19
16 8
82
3
82
3
1
1
1
1
1
3
1
1
1
1
3
1
1
1
1
1
1
1
3
3
1
1
1
3
85
86
1
1
1
3
246 3
1
1
1
3
3
13
3
3
82
3
3
1
1
1
1
27
27
1
1
1
27
1
17
1
1
1
163 1
1
1
1
1
32
1
3
17
1
1
1
1
1
1
5
1
1
1
1
1
1
1
3
1
18
1
107
19 52
1
17
17
42 56 110
8
3
3
17
18
1
1
1
3
3
1
3
3
1
17
11
3
3
3
3
3
3
3
3
17
3
3 17
17
3
3
56 3
3
3
1 13
1
3
3
3
3
3
3
27
3
3
3
3
3
17
3
3
3
3
3
3
3
3
1
3
3
3
3
3
3
3
1
13
1
1 13
3
1
1
3
1
1
3
3
1
1 11
1
1
1
1
247 248 46 1
1
14
1
1
3
3
1
1
1
1
1
249
249
2
1
78
3
1 123 1
1
1
8 220 1
8 220
1
1
1
13 1
1 5 7
1
1
1
1
1
1
1
13 1
1
1
1
1
1
11 1
11
35 1
1
1
1
1 11
1
1
1
1
1
1
1
1
1
1 8
1
11 1
1
1
1
1
1
1
1
1
1
1
1
11 1
35
1
1
1
1
1
1
1
250 44 1 251 252 105 29 253
1 254 255 256
1
133 1
1
15
1 5
1
1
11
3
3
1
1
1
1
18
1 5
1
82
1
1
1
52 1
1
3
1
1
1
3
27
1
87 1 58 29
27
3
146 130 28 32 104 5
3
3
1
1 46 138 157 223 12 150 257 74
5
29 1 46
1
3
1
1
3
8
8
8
1
1
1
1
1
42
1
1
18
3
3
28
153
5 1 5
5
1
3
3
3
8
8
8
8
1
1
1
1
1
1
1
82
1
1
1
1
1
3
1
1
1
27 121
1
27
19
19
23
1
1
1
258 1 61
1
19
19
1
1
1
1
1
1
1
32
1
1
1
1
3
3
1
14
14
27 15
1
1
3
3
3
1
1
1 12
1
1
15
1
1
1
1
8
1
1
1
3
3
3
1 5
1
3
82 29 259
1
5
1
17
1 13
3
42
1
1
1
42
17
3 17
1
1
3
3
17
17
3
3
3
3
1
41
41
41
41
81
1
1
19
1
1
1
3
3
221 1 64
260 1
1
11
11
11
1
3
5 1
1
3
123
1
52
3 27
3
27
1
1
19
1 35
1
52
38 261
1
1
17
17
1
123
42
13
1
1 38 5 1 103
262 1
1
3
3
3
3
13
1
1
1
1
8
82
1
3
1
1
1
72 1 5
1
41
1
1
5
1
1
1 263
3
1
1
1
52
1 5
1
41
1
1
3
51
51
1
1 12
3
1
1
1
1
1
1
1
3
5
1
1
3
1
1
1
1
1
1
107
3
1
1
1
1
3
1
3
17
17
4
4
27
15
17
17
1
1
3
18
18
1
1
5
3
1
1
1
1
1
1
1
1
1
17
1
66
1
35
1
1
1
5
1
1
1
17
1
17
1
3 105 17
24 14
14 146 130
146 130 1 46 247 264
1 46 247 264 265 266
1
17
139
72 1
25 94 77
76
1
1
1
1
1
1
1 5
1
1
1
1
3
1 267 132 106 29 268 46 245 269 77
2
1 8
3 1
18 1
33
1
3
3
1
1
1
1
3
3
17 3
3
4
3
1
3
17 3 17
3 17
1
11 132
1
1
1
1
1
1
17 3
1
1
1
1
17 205
1
3
3
3
1
3
27
1
1
1
3 27
16
8
1
5
66
1
1
1
1
15
11
8
1
132 1
20
3
1
1
24
3
53 75 226
11
1
1
38
1
17
1
3
52
27
14
1
130
42
18 30
1
37
1 5
1
1
1
27
27
27
27
80
38 1
42
1
1
1
1
1
3
52
11
1
1
41
73
10
5 1
37 126
17 3
4
2 4
3 105 270
1
5
5
5
1
1
1
1
1
1
29 51
1
54 1
1
1
3
1
123
1
1
1
35
1
1
1
1
1 11
1
1
42
1
1
1
1
3
123
1
1
1
1
1
1
1
1
1
3
1
1
1
1
1
13
1
1
1
1
13
1
3
1
1
1
1
271 5
3
1
3
1
1
1
