1
1
2
3
2
2
4
4
5
6
7
8
8
9
10
11
12
13
14
14
15
16 17 18
19 20 21
22
22
22
22
22
23
22
22
22
22
22
22
22
24
25
26
27 28 29
30
31 27 32
33
34
35
36
2
37
37 38
37 39 38
37
37 38 39
37
24
12
12
40
41
42
42
43 44 42
45
46
2
2
2
47
48 49 50
6
51
51 52 53
16
54
55
56
57 58
28
59
30
22
6
60 61
62
63
64
64
65
12
41
66
12
12
12
29 67
6
6
47
47
6
68
31
69
19
70
12
28
71
26
72
72
72
73
73
74
74
75
75
27
76
30
30
22
77
77
12
78
79
79
47
47
47
47
47
6
6
47
80
47
81
80
82
83 80
80
80
80
84
76
76
81
85
30
86
86
87
88 89
88
81
90
91
92
93
94
95
12
96
97
1
12
98
99
100
101
102
103
15
1
93
37
37
88
93
104
87
105
71
28
106 15
37
107
79
79
108
79
30
30
37 38 39
37
37
37
37
109
2
110
111
47
86
65
86
112
112
113
25
13 114
86
59
6
115
59
6
6 111
6
6
115
115
116
116
116
116
78
117
2
118
30
2
27
30
2
119
120
119
2
30
30
121
14
14
2
2
46
12
12
17
122
27
77
123
123
2
2
27
124
125
126
127
128
129
105
12
73
130
46
12
131
132
116
73
133
17
134
135
135
28
29 28
136 137
137
81
138
139
81
139 81
118
81 140
81
81
141
81
81
142
143
81
81
144
145
146
147 148
149
26
26
1
12
14
14
150
151
93
93
93
116
116
93
93
152 93
93
153
93
154
93 152
93
93
93
93
2
2
155
155
155
2
155
155
2
155
2
155
155
155
155
155
93
93
156
157
156 158 159
159 160
161
162
163
164
165
157
166
167
157
157
168
169
30
30
22
170 171
171
172
173 65
27
68
174
174
175
175
176
175
175
177
175
177
178
179
180
179 181 175
182
50
50
183
181
110 184
185
50
104
186
187
188
189
189
189
188
176
187
187
187
104
190
86
191
31 192 193
29 114 31
29
114
107
86
194
2
27
37
2
195
196
196
196
197
198
15
15
15
15
15
196
198
199
200
200
200
200
201
201
37
37
37
37
37 202
37
37
37
37
37
203
37
37
37
200
204
37
27 67
205
206
86
2
27
124
183
6
107
207
73
208
31 209 27
210
55
211
212 213
26
214
214
215
213
213
213
216 217
213
218
219
172
2
220
220
81
221
222
27
86
6
6
6
223
224 225
107
203
203
203
226
22
88
88
227
59
59
228
228
229
229
27
46
93
38
37
30
30
230
24
46
27
231 232
233
234
235
236
237 238 239
240
2 241
242
243
27
28 29
81 140
12
12
244
12
12
245
246
88
88
88
12
12
76
247
12
248
47
12
88
249
250
251
93
73
73
134
56
252
15
253
203 37
37
254 255
256
153
153
257
258
207
38
38
76
259 260 261
262
46
2
263
76
12
6
6
264
37
265
22
27
27
266
28 31
267
31
268
27
32
31 114
32
13
269
55
269
67
67
270
28
67
76
209
270
2
271
2
30
30
272
273
86
274 275 207
148
24
31 67
2
41
41
41
207 276 46 12 196
237
81 277
15 93 278 107
107 279
280
1 281
15
78
12
81 282 107
283
86
284
15
285
134 56
134
56
286
36
36
287
288
289
289
289
290
291
292
293
19
294
294
295
290
32 27
32
296
297
298
299
157
163
15
300
227
301
2
2
2
2
2
2
2
2
302
303
19
304
304
305
305 19
302
302
306
307
308
308
309 308
308
310 149
149
310
88
149
149
149
149
88 149
149
310
311
149
149
149
88
88
312
149
149
312
312
149
311
149
149
149
312
149
149
149
149
312 149
149
149
88
313
311
311
310
59
59
149
59
314
314
1 315
279 149
316
316
32
77
317
318
317
317 24
317
319
31
149
6
37
38
37 38
67 29
320
6
6
6
31
73
37
321 322 125
323 324 325
326
37
327
229
229
27 67
27
63
38
328 38 37
22
30
30
1
329
329
329
329
329
107
330
331
24
26
332
333
334
334
86
2
335
336 27
2
2
46
12
76
337
337
338
339
340
337
37
37
341
2
2
342
268
343
344
345
14
2
2
37
346
346
346
346
346
346
347
347
2
2
2
2
347
38
37
37
348
349
350
351
79
72
79
26
352
104
104
353
27
354
12
12
65
22
30
30
22
38 37
75
75
106
106
169
169 86
169
316
75
47
47
355
86
22
22
31
29
58
356
357
358
357
357
242
153
359
359
360
360
37
46
12
134
22
361
12
46
46
362
12
27
68
27 29
27
363
42 364
44
30
30
26
97
97
97
29 27 67
29 2
37
203
27
106
13 27
365
366
367
300
29
27
104
37
201
59
2
55
55
368
91
369
2
6
6
6
2
370
370
273
371
372
372
373
373
373
2
2
27
27
14
2
37
37
202
27
2
63
2
288
153
73
372
98
86
374
73
73
22
22
22
359
6
22
12
37
6
233
69
266
266
266
266
12
12
14
308
27
27
2
27
346
346
73
73
346
346
12
59
107
153
107
133
375 258
72
2
6
376
377
378
379
379
19
91
354 380
381 38
38
26
46
382
383
384
384
385
2
2
352
26
88
386
27
209
29 67
387
27
388
389 163
389
163 389
163
390
163
389
254
78
88
389 163
76
76
391
286
23
72
392
393
37
37
37 38
52
394 395 50 6
6
396 397 289
398 399 49 289 47
114 31 28 27
59
400
12
401 402 403
401
404 147 41
47
185 47
22
67 27 31
30
86
405
93
2
86
86
86
12
86
86
406
407
406
91
2 46
36
408 409
410
411
411
412
413
413
59
59
59
414
415
47 80
47
65
416
81
417
330 78
330
65
210
65
124
36
65
29
6
6
397
289
289
67
418 419
16
420
421
421
373
422
423
423
424
177
76
22
425
37
37
104
426
2
2
427
268 27
29
12
2
428
27
46
106
150
427
104
429
354
67
56
249
430
59
431 77
432
432
433
249
215
225 434
2 241
22
435
64
411
104
436
437
249
438 249
104
439
2
86
205
437
437
440
441
308
2
2
79
79
79
79
79
330
442
91
209
29 209
59
68
174
2
22
22
76
76
36
76
27
209
207
308
77
443 26
77
444 273
59
77
308
308
445
444 446 201
201
201
207
2 447
4
4
448 443 26
26
209 67 31 27
273
77
77
449
12 449
29 267
439
439
22
23
26
38 450 37 451
37 450
308
439
452
443
79
37
22
12
30
30
46
76
76
453
454
455
38 39
93
81
195
81
314
81
81
81
81
81
107
81
81
81
104
81
81
81
118
81
27
81
81
73
73
30
30
456
2
65
457 373
458
458
458
36
36
36 458
36
59
459 2
373
408
59
460
422
46
22
279
279
461 19
429
429
354
97
462
462
2 271
47
47 463 398 464
394 6 233 288
47
459 2
26
166
465
91
466
104
2
27
27 86 273
12
36
467
37
468
229
469 118
439 470
63
379
379
379
379
379
379
379
379
379
471
379
379
10
379
379
379
472
472
79
38
38
38
37
473
38
474
36
475
80
80
476
106
22
22
37
37
22
477
104
104
104
104
104
104
79
435
73
478
478
14
373
12
2
22
76
76
12
479
419
294
294 135
480
17
97
432
37
12
372
28
372
76
76
481
481
481
481
116
30
86
86
22
12
91
22
27
27
27
482 27
283
29
32
27
283
134
76
426
483
484
483
485
2
2
26
37
2
44
486
251
79
207
46
37
2
203
487
488
72
266
46
86
285
436
93
489
414
207
2
2
41
41
41
490
237
177
491
491
491
492
493
494
495
496
495
207
207
207
294
294
12
497
497
2
52 47
149
72
498
499
201
500
500
501
396
30
288
502
347
347
347
347
347
347
347
347
233
503 504
347
347
294
294
2
244
86
505
505
505
505
505
505 506
505
505
507
508
195
372
476
6
6
51
289
185
47
509
448
12
372
77
372
37 38
37
510 37
439
30
59
6
6
6
2
116
266
420
104
308
39
39
37
511
114 31 67
27
512
512
512 180
80 513
513
391
391
391
514
30
124
440 37
354
180
180
2
30
30
359
515
516
517
30
27
31
12
88
37 38
2
27
2
37
37
518
6
37
38
29
519 86
72
72
180
6
6
46
122
37 441 520
521 203
83
308
308
12
107
30
308
308
308
30
79
522
65
106
2
2
523
524
411
411
411
525
411
411
411
411
47
27
27
526
189
22
372
67
67 114
15
13 29
439
59
77
106
448
56
56
22
56
2
459
27 527
27
86
86
528
528
41
529
432
530
12
31
31 29
288
288
26
15
531
532
532
533
533
533
533
534
533
533
372
372
68
68
79
354
102
535
465 27
465
59
436
86
2
163
163
536
162
163
164
537
201
538
538
65
539
540
12
541
542
543
273
203
203 80 273
80
80
27
27
29 27
67 27
32
27
105
544
27
76
76
37
203
37
38
69
27
30
30
30
85
85
85
545
201
201
359
432
86
86
12
79
477
546
30
30
30
30
547
30
30
30
30
548
547
547
549
549
549
532
135
135
56
135
135
135
73
30
30
30
30
30
30
30
30
30
550
274
551
337
421
421
421
36
135
135
552
552
553
83
27
441
83
41
83
175
554
83
555
83
80
80
31
1
26
65
27
30
67
556
2
2
76
76
37 38
38
38
37
76
76
14
14
76
122
29 27 114
46
2
27
37
75
75
106
253
253
253
253
253
253
253
253
253
56
247
134
253
253
253
194
354
6
534
387
557
361
558
479
479
559
560
330 560
59 258
15 561 109 562
109 563 564
565 109 561 566 152 564
567
567
568
568
107 568
59
258
448 26
569
26
12
12
12
59
12 449
567
258
59
258
26
330
570 560
571
571
571
571
67
12
59
535
572
46
573
59
12
12
12
15
163
296 574
76
231
231
6 289
6
6
6
266
568
59
72
568
105
242
104
105
105
105
105
105
105
105
105
2
346
346
37
26
575
203
576
577
577
577
429
76
76
375
22
578
79
12
59
579
580
12
27
36
346
346
581
76
76
407
582
72
72
69
359
583
40
40
583
88
248
583
568
568
583
88
76
76
40
37
76
76
12
12
290
55
55
429
584 585
37
88
73
27
76
12
22
22
586
587
588
151
589 364
590
42
591
589
364
589
592
59
589
593 364
594
43
374
274
77
462
208
52
289
289
77
316
372
253
88
88 86
59
12
2
372
553
553
595
47
47
462
462
14
14
229
104
596
597
598
26
73
73
115
74
459
599
600
601
602
602
603
588
604
588 15
59
601
155
2
353
605 155
606
607 439
2 435
435 459
353
107
28
29
353
608 609
155
493
63
2
59
353
610
374
43
611
16
73
26
2
28
27
12
612
341
613 78
321
307
59
59
52
396
37
133
133
361
27
29
73
314
97
203 37
614
146
119
22
22
615
146
77
77
37
37
371 616
371
37
294
294
97
97
97
617
79
618
289
133
30
619 620
619
107
587
587
30
621
27
273
289
65
12
31
622
97
97
372
623
27
12
12
12
12
12
12
423
624
2
13
625
76
76
1
626
626
627 628
255
28
27
629
629
630
77
72
93
73
73
73
73
73
73
37
37
39
70
70
72
72
37
37
620
620
620
620
620
104
620
620
273 22
22
201
201
201
439 43 631
632 633 631
42 363 43 634 635
249 37 177
177
177
177 180
177
177
177
177
177
177
177
177
177
177
177
177
177
104
588
636 588
636
588
588
588
588
588
588
588
588
588
588
588
588
637 588
588
588
588
588
588 638
588
602 639
602
600
600
600
599 600
187
187
188 187
188
188
187
376
376
376
376
244 640
641
376
376
642
588
588
588
588 637
46 12
201 27 336
27 31
643
643
643
643
643
643
643
643
643
643
643
643
643
643
643
643
643
643
643
643
643
643
444 643
643 27
643
643
201
643
643
643
643
643
445 643
643
643
201
445
19 644
379
643
643
643
643
643
462
645
525
646
646
643
643
646
646
647
646
646
646
646
648
354
354
646
15
649
86
650
650
650
650
650
651
650
650
93
134
134
79
79
30
30
652
6
432
432
104
104
359
359
12
76
76
37
435
435
2
2
653
65
79
6
330 613
565
441
441
375
30
2
654
655
656 499
46
2
2
46
46
657
658
78
78
46
46
427
524
205
465
31
72
659
165
660
339
235
76
12
281
281
29
27
139
661
662
663
664
12
2
665
666
666
666 667 668
669 670
499
671
672
149
2
673
674
72
46
85
673
675
193
76
673
676 677
677
444
27
678
207
614
134
644
26
81
679
86
24
436
436
59
27
27
27
28
27
436
436
436
436
436
436
680
681 27
682
30
133
133
12
359
683
146
79
359
79
79
79
37
73
22
129
244
27
684
2
72
685
22
26
24
331
55
55
210
210
686 210 379
314 687 688 689
37 38
37 38
690
375
375
528
72
72
27
27
27
65
691
234
65
692
692
22
692
692 347
462
462
432 22
27 32
270
27
270
27 67
72
693
72
72
15
694
372
372
695
248
696
6
6
6
248
38
6
6
6
6
6
6
6
696
697
248
248
248
248
6
698
59
30
30
307
307
59
38 39
37
12
6
6
6
76
699 700
701
81
702
702 2
249
6
6
6
6 703
12
79
12
12
254 78
76
323
37
38 39 440
2
2
2
209
227 149
201
27
69
14
704
435 71 227
27 28
29 27
27
705
705
2
2
568
568
88
88
59
705
27
27
2
705
2
706
12
27 29
30
37
37
114
163
163
157
28
81 104
502
707
502
502
187
510
441
6
467
187
624
72
59 624
244
244
244
244
174
59
308
163
163
163
307
698
125
106
23
12
12
12
12
12
30
30
6
294
708
709 710
6
6
17
711
621
712
122
88
713
22
702
702
12
30
30
432
432
12
73
714
294
294
715
210
210
716
717
14
550
718
718
718
718
76
76 718
435 718 71 719
227 719
227
550
77
37
8
77
77
387
720
207
134
56
56
468
468
468
468
46
468
86
468
468
468
468
468
2
12
149
468
6
6
468
468
468
468
76
468
468
468 721
448 716
73
26
722
114
183 52
6
6
79
74
723
106
359
30
30
722
522
12
27
724
724
725
726
15
698
77
92
12
395
27
432
432
59
27
435
435
12
65
727
2
76 2
149 72
27 209
88
88
354
26
27
106
728
728
729
287
114
730
731
731
26 439
26
439
26
439
394
6
6
6
289
47
32
67
31
75
75
175
19 18
12
27
207
26
2
732
415
88
68
68
174
62
153
68
2
59
46
2
153
153
733
346
346
734
77
77
735
135
30
30
12
12
379
307
307
307 736
379
263
263
75
75
76
76
15
135
737
737
738
739
36
740
740
36
29 192 27
37
37
328
76
41
30
30
72
741
79
79
104
79
79
79
414
86
379
379
379
742
379
379
379
379
379
379
30
286
286
286
30
14
153
743 744
715
715
79
59
72
246
2
77
246
246
246
79
29
209
745
746
746
12
37
37
22 747
747
748
749
77
91
750 751
752
46
753
754
29
27
27 114
29
207
253
12
12
22
22
39 37
441
439
129
129
22
22
22
522
351
86
734 2
37
37
37
37
116
2
86
234
22
755
756
27
757
758
79
27
2
12
407
12
759
760
38
37
37
38
674
76
249
37
78
761
762
762
37
37
79
2
30
30
22
22
2 271
763
210
88
72
2
229
229
258
347
76
76
37
37
12
27
86
86
764
765
765
765
766
767
767
768
157
106
769
77
22
91
27
465
27
770
770
770
77
771
86
246
246
772
2
107
107
246
107
81
38
38 37 47
47
107 47
12
773
58
125
774
775
775
775
775
775
27
16
294
79
37
73
79
776
73
73
73
592
777 592
12
47
47
183
778
88
379
77
208
779
77
372
4 780
781
782
782
77
77
77
781
4
17
4 780
2
2
77
97
783
783
15
26
15
15
26
783
15
432
432
14
12
12
46
784
359
73
14
15
247
785 247 786
294 247
232
30
30
787
787
787
787
787
788
788
789
790
790
422
346
72
571 534
72
72
571 387 195
115 534
791
534
116
387
792 205
72
72
72
93
120
120
72
68
72
67
59
432
477
732
793
435
46
14
27 29
27
17
19
794
466
466
30
126
6
29
215
215
316
72
12
104
28 29
77
37
37
788
78
114
795
26
620
620
26
22
92
796
796 797
796
92
92
796
796
797
798
567
37
799
41
41
800
801
372
802
14
14
556
803
804 499
656
805
715
674
253
91
91
91
12
806
807
807
79
310
37
203
116
355
23
23
23
808
808
805
165
163
163
809
299 810 811
379
429
55
516
515
515
18
41
12
14
12
394
6
22
22
434
86
37
37
37
432
107
12
12
720
91
273
812
59
59
59
813 17
17
37
814
149
215
215
215
215
815
816
817
816
816
817
816
817
816
215
2
2
2
107
86
86
26
439 129
439
46
65
91
422
422
116
420
818
818
35
213
213
213
213
213
29 209
27 114 28
29
28
27 29
27
27
267
27
29
28
818
22
76
2
65
65
819
820
821
820
152
79
79
359
820
822
823
823
824
825
826
827
30
30
620
2
286
828
828
829
22
22
2
2
72 623
830
248
831
832
833
832
91
462
462
834
701
69
2 777
47
47
7 835
836 837 175 838
396
6
398
568
22
65
839
839
146
37
37
249
12 447 2
26
30
13 28
13
86
346
346
22
372
475
720
732
732
732 59
46
698
449
434
207
155
59
59
840
79
243
46
116
116
2
832
12
12
12
243
72
105
2
2
207
2
2
2 240
841
19
12
12
842
112
112
387 115
115
843
843 222
844
843 845
112
46
46
24
92
846
847
72
268 351
732
12
12
12
46
163 157
848 849
850 343
851
811
26
46
27 29
29 27
12
47
47
122
14
2
67
29
27 29 13
254
91
852
852
46
46
88
853
853
359
30
37
37
37
163
854
165
107
661
855
855
855
855 661
331
856
27
316
745
76
76
79
41
544
59
12
857
439
22
2
2
36
36
372
26 650
6
6
86
6
6
30
105
31
12
65
93 149
2
858
15
588
859
22
860
116 271
2
29 13
12
207
861
861
862
862
861
861
861
861 863
861
862
861
862
862
862
376
861
861
861
861
861
861
861
863
861
864
376
861
376
376
376
376
376
376
376
588
376
376
207
254
72
22
373
865
865
59
2
72
71
73
2
480
866
83
866
15
2 46
867
868
289
289
52 47
147
15
600
97
530
293
869
429
429
55 429
429
65
56
56
439 153
59
870
871
871 872
872
872
872
872
872
873
14
14
14
741
741
874
73
116
780
875
76
76
72
72
72
693
229
741
307
29 166
67 27
12
72
37
37
203 876
354
646
380
396
289
6
395
47
37
67 27
27
646
646
59
72
72
37
288 877
877
37
37
65
878
79
79
715
23
879 880 76
881
273
88
76
67 27
24
719
882
233
233
233
233
233
288
233
233
6
233
289
233
233
233
233
233
883 37
884
884
14
244
174
885
428
207
12
42
568
354
47
47
452
27
42
593
886
42
42 44 593
42
12
887
887
46
288
588
588
288
288
37
202
37
37
37
346
2
2
72
72
72
72
72
72
72
72
888
72
72
889
37
37
36
359
359
27
346
890
37
372
781
781
372
756
213
372
14
14
14
347
839
27 270
891
891
754
754
754
67
29
22
22
22
2 32
27
72
72
72
72
27 29
2
27 29
30
408
892
36
2
100
893 260
2
2
65
894
27
22
895
210 763
149
896
180
180
180
177
30
59
281
253
2
2
27
27
373
432
897
12
37
37
898
73
73
899
899
900
244
33
244
376
31
901
287
30
30
73
73
682
682
73
14
14
359
359
12
12
174
14
59
273
22
373
306
467
467
77
67
237
280
280
37
38
902
903 125
904
510 38 883
73
73
73
905
906
12
79
104
289
289
22
12
67 27
907
88
188
233
908
406
331
102
22
12
12
12
12
12
12
12
12
12
12
12
12
12
12
12
12
12
12
12
12
2
375
14
283
67
29
909 910
909
909
910
910
64
46
122
310
234
27
163
911
163
161
912
163
163
913
914
914
164
163
343
915 343
660
372
916
359
22
22
22
46
917
129
6
6
30
30
22
459 2
2
918
373
919
409
920 921 41 922
920
920
923 920
27
147 924 925
922
883
207
926
927
927 928
927
242
46
234
929 18
663
419
930 472
931
27
32
13
209 29
29
31
29
67 27
31
28 114
29
27
27
932
932
588
209
27
27
27 67
27
27
31
27
50
394 6
289
398
49
49
47
31
29
27
31
27 29
27
27
67 27 29
76
76
13
76
2
2
76
76
76
363
76
76
76
6
37
36
36
933
109
479
934
30
432
12
79
26
935
26
37
936
419
134
294
462
46
27
557
557
79
86
317
317
201
30
883
4
581
72
12
130
86
86
346
22
626
375
69
37
67
27
37
37
27
27
27
37
133
22
12
12
937
106
106
106
37
38
37
38 39
37
37
38
39 38 37
38
938
30
91
253
201
27
27
2
2
2
22
939
940
163
296
296
299
941
942
943
29
46
36
79
720
2
447
76
22
375
720
146
289
2
37
37
37
37
27
76
837
37
719
22
944
336
336
336
2
77
945
137
485
883
72
183
359
2
12
2
207
22
2
380 177
518 180
746
746
746 946 183
47 182 52
180
12
306 947
26
578
530
530
948
661
661
88
88
949
59
12
116
116
37
37
59
2
459
59
12
27
59
37
587
59
76
76
73
346
12
372
88
88
24
832
417
24
47
233
950
950
950
81
207
236
950
118
27 209
73
73
73
735
79
75
91
830 951
46
2
952
347
213
953 954
81
955
406
86
539
539
539
75
346
346
2
890
890
890
890
172
346
346
346
65
37
37
249 37
890
890 956
890
890
890
346
346
75
75
63
890
740
890
359
12
890
597
775
957
775
958
959
960
899
961
187
254
408
254 256
107
387
387
134
785
134
907
962
963
964
965
966
967
907
12
968 523 728
206
22
969
970
970
600
600
971
972
588
46
109
391
441
973
27
892
114
46
359
588
346
426
76
268
99
974 909
260
100
27
359
12
27 13
65
273
73
76
76
27
29
37
37
19
896
2
91
92 975
435
242
65
37 38
64
104
67
976
977
86
37 38
12
124
210
210 715
379 978
979
869
980
661
293
293
293
530
530 58
58
58
58
58
981 982
58
58
58 983
983
38
2
124
500
500
984
984
169
169
169
169 985
169
169
169
169
986
987 86
169
169
169 988
169
169
169
169
169
368
169
169
169
169 989
169
169
169
169
169
169
169
169
519 990
990
990
169
169
169
273
169
368
37
14
359
29
991
2
992 77
650
992
993
208
992
992
992
77
76
2 116
992
22
528
994
351 209
27
249
466 995
515
530
996
996
997
317
24
12
343
660
621
163
166
373
229
30
86
998
999
414
73
1000
27
65
65
46
330
899
12
1001
1002
244
1001
68
68
773
79
477
116
77
77
116
346
27
77
30
30
116
116
27
67
67
76
30
88
88
30
30
58
58
116
6
12
1003
795
286
286
153
15
288
372
1004
290
210
210
952
952
462
1005
27
116
116
874
116
116
116
116
116
116
116
116
116
116
116
68
956
956
59
31 13
65
466
37
37 38
76
37
37
1006
86
2
2
65 819
27 67
273 86
735
75
336
13
209
27 1007
27
37
37
153
373
149
133
359
359
359
2
27
27
359
37
875
875
875
1008
37
36 287
287
36
719
154
154
154
4
154
154
154
154
1009 1010
154
4
154
154
154
2
2
2
2
72
2
12
12
1011
1012
1013
1014
73
72
79
12
37
76
12
29 115
794
79
79
79
79
27
207
788
37
91
91
720
407
499
37
6
23
23
14
14
279
279
279
279
59
12
12
86
2
346
22
946
1015
47
19
19
47
19
19
122
133
229
1016
47
37
37
568
568
1017
1017
468
804
804 499
804
85
749
344
1018
1019
1020
479
479
479
530
293
664
661
313
22
249
1021
477
1022
1023
372
37
227
435
1024
107
107
107
107
149
2
2 59
22
59
22
22
12
59
12
37
37
180
207
26
791
92
77
46
2
2
633
42
1025
391
814 435
22
22
1026
149
149
1027
37
37
575 798
12
12
1028
1029
124
209
262
262
6
29
22
692 22
22
422
2
283
22
69
12
359
359
347
12
1030
136
37
1031
435
788
2
915
2
46
47
12
73
73
133
64
557
65
150
150
77
129
250 266
250
567
2
24
37
76
79
37
155
30
67 27
27
12
2
47
52
43
1032
72
72
1033
819
195
1034
2
72
31
31
67
114
67
67
67
37
37
37 203
37
203 37
37 203
37
67
37
372
163
163 912
389
912 1035
164 912
912
912
1036 912
164 912
912
940
912
912 163
1037
912
912
912
912
912
27
22
59
1038
1039
666
254 78
254
254
22
1040 1041
2
18 1042
305
294
58
58
979
1043
408
1044
666
237
422
12
2
880
263
263
1045
29
2
2
354
37
334
852
47
1046
1047
1048
26
37
88
459 2
73
73
68
68
27
13
27
1049
2
2
27 268
78
73
347
12
1050
946
946
6
12
26
12
12
372
26
22
233
37
189
189
243
346
346
346
346 4
587
22
1051
1052
346
346
906
359
1053
813
715
839
839
210
557
1054 203
1055
37
289
49
2
37
37
37
287
462
462
1056
1057 79
195
86
195
195
1057
104
1057
1057
477
477
86
477
459 353
633 43 44
12
76
76
2 271
2
37
37
37
59
46
2
183
15 22
27
72
1058
1059
144 81 12 277
91
65
2
2
6
2
19 211
2
1060
718
718
77
718
550
718
718
718
718
718
550
493
432
718
1061
1061 1062
1061
1061
59
671
671
330
86
1063
107
1038
1064
796
616
359
796
796
796
1065
27
2
359
36
41
59
86
37
37
130
130
59
1066
1067
73
14
14
30
36 1068
729
1069 505
288 83
76
72
47
12
12
12
244
244
72
72
435
47
394
6
838
289
29
30
76
76
12
27
88
88
12
317
6
288
288
6 288
2
6
426
26
27
172
26
26
26
26
12
780
587
76
720
667
666
1070
1071
422
422
26
346
59
12
59
258
42 635 363 44
27
22
76
721
30
12
12
35
35
119
119
1072
112
112
73
73
12
12
105
254
80
48
6
1073
12
12
435
72
104
435
409 1074
206
397
819
46
12
77
77
27
207
88
88
897
170
462
37
133
432
93
283
414
1075
1075
1076
249
819 65
1077
342 819
477
79
12
79
840
1061
1061
1061
65
352 104
104 79
22
79
1078
13 31
65
1077
477
65
1077
65
1077
28
1077
28 29
31
2
31
41
41
840
1079
37
242
73
30
30
30
72
72
359
359
359
23
1080
880
72
72
23
832
27
12
22
294
530
948
1081
1082
715
998
6
6
79
79
104
67
30
30
244
376
244
76
1083
273
273
1083
1084
1085
1086
1087 1088
1089
12
12
465
225
27
465
12
12
91
37
92
37
27
76
12
189
1090
1091
28
719
316
316
316
316
206 114
116
64
687
70
70
70
1092
1092
2
415
415
415
122
240
271
901
201
73
12
661
77
697
697
77
77
697
77
77
78
77
249
37
37
220 242 1093
149
86
12
76
76
76
12
2
513
513
513
513
513
513
513
68
189
189
22
79
307
307
336
283
37
37
215
215
12
2
2
6
6
6
12
29
86
703
46
46
72
72
22
47
1
266
149
266
266
152
266
266
266
266
6
6
133
154
34
735
273
243
149
149 107
12
86 22
606
1094 133
346
387
30
30
12
12
1095
153
107
104
799
799
77
22
429
429
1096
1097
407
1096
1097
254
254
254
254
1098
1099
129
905
37
36
36
36
36
2 271
120
120
22
837
26
273 86
36
1100
47
4
917
72
420
420
268
27
268
1101
448
6
39
448
153
1102
12
2
85
85
85
1103
75
539
65
30
86
86
30
91
12
76
93
1104
1104
1105
86
86
1106
352
289
330
572
88
273
1107
289
37
12
77
49
354
280
104
1108 104
59
12
27
59
29 2 459 734
1109 679
46 149 1110
1110 606 46 107
12
12
59
42
633 363
1111 1112 1113 1114
1111 42 634 363
1115 44 591
363
635 42
363 635 592
59
59
26 935
26
12
12
12
372
1109 12
12
12
12
12
59
12
12 236
12
42
635
44
1116 1112
1117
1117
631
633
634
12
12
2
2
46
114 28
114
12
46
12
1118
12
12
169
59
1119
1119 536
339 1120 1121 1122
1123
621
1124
1125
1119
621 1126
1127
915 536
1128
1129 943
1130
300
1131
27
13
1132
2
2 69
477
477
86
86
72
72
1133 1134
12
30
91
13
80
80
80
72
571 674
571
72
328
2
1135
26
81
81
22
68
27
27
14
149
149
149
149
149
149
149
149
373
289
79
788
124
6
6
6
1136
1137
162
1138
1035
163
165
209
234
69
153
26
26
6
107
1139 532
1140
2
37
37
37
37
37
37
732
439
439
414
692
12
27 425
88
88
67
30
359 2
2
2
30 2
30
22
37
37
39 37
221 1141
231
231
231
359
73
1142
1142
1142
14
16
359
1080
22
289
289
37
1143 1144
22
22
1080
741
741
1145
1146
1146
23
28
1007
166
427
65
29
1147 150
46
107
819
1148
949
2 86 368 1149
1150
404 1151
28
27
27
93
213
37
37
76
2
328
37
153
2
37
72
73
253
253
106
361
534
37 328
371
371
12
12
71
37
27
122 266
122
897
1152
12
12
1153
213
213
215
215
29
2
1154
1155
819
514 391
128
703
748
703
509
1156
703
27
1157
1157
953
1157
1158
1157
1157
1159
1160
1158
1161
1157
2
28
41
67
86
37
955
37
91
65
65
1162
945
347
347
30
1163
37
37
27
35
35
28
67 29
75
75
59
22
22
461 17 419 54
54
1164
70
466 1165 1166
821
172
86 368
209
209
268
67
13
27
22
22
68
69
1167
351
1168 27
440
440
450
52
1169
1169
1169
1169
1169
1169
1169
1169
1169
1169
1169
1169 15
1169
1169
1169
1169
1170
181
181
1169
1169
1169
1170
1171
1171
52
37 38
38
47
12
1169 1170
115
2
46
413
407
72
407
1172
531
717
531
72
342
24
14
14
1173
1173
407
37
38
12
12
12
308 47
559
720
308 1174
1175 308
720
308
466
1176 1177 1165
1165 308
559
559 726
59
308
308
559
308
308
308
308
59
59
308
59
308
308
14
2
2
15
65 449
16
1178
1179
86
41
41
27
1179
116
12
12
73
947
97
12
12
1080
720
2
207
521
203
1180
97
76
76
266
1181
1182
403
26
401
403
1183
37 203
86
86
1101
1184
1184
1184
2
67
1184
12
371
12
213
213
67
114
27
644
1185
114
2
12
12
91
207
250
15
153
426
37
37
38
37
37
37
26
75
75
1186
1187
1186
288
288
207
208
1186
59
877
27
27
27
906
36
415
27
27
79
79
286
12 449
375
1188
73
12
1188
79
1189
1189
1189
1189
1190
72
72
72
1191
1190
105
1192
26
1193
658
80
1194
703
80
2
29
27
27
41 1195
1196
288
27 28
1197
1198
1198
1198
1199
1198
1200
1198
1198
1198
1198
1201
1202
1198
36
852
852
12
72
1203
46
27
26
26
27
146
146
1204 683
683
683
1205
30
461
17
65
18
429
814
1206
1207 1208
1209
1209
76
2
1209
1209
346
177
1210
180
1211
38 83
26
26
37
37 38
38
2
26
26
12
12
26
283
272
272
253
253
65
1212
465
1212
1212 1213
12
1212
1212
254 255
465
1212
468
1212
465
12
1191
1191
1214 244
27 31
906
906 1068 36
1215
1212
1212
78
408
408
408
408
78
254
78
408
408
330
408
254 78
347
78 408
1216
255
254
361
428
428
256 1217
428
1212
465
439
391
72
1075
1218
12
2
2
26
2
2
86
26
77
175
52
869
869
372
1219
1220
59
1221
1222
308
26
59
26
26
373
207
67 27
67
22 12
22
22
22 12
22
22
12
12
12
253
267
27
6
6
6
288 6
289 6
6
6
6
12
27
2
253
93
93
93
12
22
22
77
72
72
286
1223
1223
1212
1212
39
14
819 65
59
22
22
22
41 1224
215
22
1225
12
2
46
277
46
22
1182
22
23
23 22
23
23
22
37
37 1226
359
23
23 22
23
23
23
288 906
906
65
65
22
23
1223
76
23
166
29
166
59
616
12
682
726
32 427
13
12
1183
1183
1183
30
30
698
215
266
88
107
72
1227
63
441
289
41
1228 41 1229 1230
998
135
29 27 67
207
429
153
588
600
125
328
22
1231
788
59
27
27 67
42
1232
1233
12
233 288 6
72
999
27
12
88
30
30
432
432
432
59
59
1071
792
1234 124
1235
901
77
952
14
6
104
27
27
22
30
12
37
328
59
59
308
73
73
1236
45
210
210
210
839
12
832
27
59
59
215 984
984
1237
1237
1237 1238
222
789
762 1237
1237
1239 762 812
984 1240
762
762 984 222
762
761 762
762
222
812
72
980
980
17
429
294
294
379
30
452
452
1241
1241
522
31
1242
293
293
661
22
37
37
38
27
587
875
1243
1243 1244
781
272
47
47
265
459 520
520
1245
272
229 1243
1246
1243
59
6
6
6
6
6
6
6
6
6
6
6
6
6
6
6
6
6
47
31
27
86
125
387
76
129
1092
124
1247
800
12
234
26
1248
795
587
587
409 919
171
37
37 328
439 372 77 327 1249 1250
213
209
31
2
606
107
107
788
788
788
37
740
740
12
12
65
1251
1251
234
12
1 12 237
86
107
26
77
14
12
6
14
59
1252
1252
1252
1252
1252
1252
1252
1252
1252
1252
1252
1252 1253
1253 1252
1252
1252
316
1252
1252
1252
1252
1252
1252
1252
1252
1252
2
208
208
208
208
1254
208
208
208
208
208
208
208
208
437
331
692
692
22
408
29
31
26
2
415
26
29
27
116 86
12
26
18
1109
2
86
12
26
88
2
6
6
12
19 1255
461 17
55
55
55
55
58 57
290
12
73
73
37
1256
36
287
287 906
37
37
37 1257
379
58
234
79
79
860
76
59
76
316
346
346
210
715
839
839
839
79
1258
1258
79
37
37
210
37
359
359
27
67 27 29
27
79
17
429
461
1259
379
787
379
37
37
37
37
72
2
2
459
330
1260
59
65
1261
1261
102
37
30
30
30
883
36
522
2
2
254
22
47
47
47
253
253
93
26
46
33
971
971
971
1262
600
600
244
244
1236
1263
1263
1263
1263
107
499
499
656 499
499
1264
1265 1264
499 757
499
499
757 1266
499
499
499
499 1266
12
1267
1268
37
37
678
258
12
31
359
465
306
306
306
1269
481
535
22
432
432
1270
359
73
372
86
209
67
31
166
31
29
1271
1272 1271
15
432
1108
46
533
522
522
522
14
107
76
76
1179
1179
1179
359
1273 1274
359
839
124
37
37
27 29
209
466
72
6
1275
189
12
37
37
22
125 1276
229
229
14
27
27
27
429
429
26
30
122
253
27
27
253
253
253
150
88
37
6
6
47
73
65
423
73
1277
1118
1118
12
27 347
283
788
46
68
68
426
27
169
150
150
1278 29 27
1278 31
27 166 193
150
150
222
1279 1280
762 761
812
150
150
425
425
119
88
653
347
729 740
729
740 729
729
616
73
73
73
320
320
59
1281
22
22
22
22
73
12
27
527
12
1282
22
37
37
235
133
715
55
134
27 29
46
165
165 163
231
1283
276
1284
65
133
133
133
1285
72
71
71
27
27
530
293
869
17
55
839
210
253
253
462
12
513
47
398 1286
1287
8
752
37
30
347
73
73
37
698
73
73
88
76
449
59
1288 449
449
449
12
384
2
465
432
432
294
294
12
1289
77
208
208
1289
208
46 1 208 107
12
12
22 23
316
1290
77
208
316
77
316
249 37
2
26
2
2
29
134
289
1291
922
51
51
47
76
37
86
134
134
134
56
1292
86
741
37
37
37
47
47
1293
86
40
30
12
30
346
1068
1068
1068
1068
1224
346
579
47
49
31
346
346
346
27
27
27
86
420
1277
1118
237
279
86
528
46
359
528
787
210
86
1277
1277
1277
1277
12
154 991
65
133
30
30
46
46
133
29
268
133
30
80
80
80
30
76
2
359
359
359
359
12
12
359
69
73
12
1294
1294
37
1294
1294
1294
1294
1294
1294
1294
1294
12
1294
1294
1294
1294
1294
1294
1294
1294
27 31
114
1294
1294
37 38 1294
12
86
86
2
1295
106
106
1127
809
299 941 1296
1297
210
715
839
839
429 55
55
55
269
27
634
76
124 27
27
1298
267 29
233
233
6
233
233
289
233
233
14
22
22
294
1299
1299 1300
12
12
12
12
12
12
12
12
12
12
2
59
27 28
522
27
28
283
27
406
12
12
12
336
27
16
73
294
37
73
1049
1049
1092
210
839
839
715
1219
462
59
210
85
17
24
2
27
1301
991
22
435
435
22
12
2
1302
435
300
300
37
37
12
1303
23
70
59
27
27
587
69
77
133
133
286
286
122
122
14
1304
1252
288
39
355
1305
1306 1307 343
343 163
12
439
163
1308
1188
38 37 39
182
47
52 39
1309
1021
1310
1311
1145
1145
1312
1313
1313
2
86
459
1314
282
282
715
1315
439
187
59
124 29 27
1316
220
220
220
220 149
22
22
209 27 29
2
2
2
64
86
27
27
553
73
1178
644
79
73
80
703
703
213
1015
1015
1015
1015
2 1317
1104
26
72
650
466
37
59
12
93
86
1203
1318
1319
12
46
1226
37
104
104
253
41
41
41
41
41
41
41
1320
1320
288 1320
1320
41
41
1321
26
26
41
41
41
1322
41
1323 1324
1322
41 1151 1325
1326 743 1327 1324 529
1322
41
41
83
372 1328
77 59 308
308
12
41
41 1329 1330
41
1248
41 1331
41
41
41
1331
41
1331
76
76
76
76
76
76
76
76
76
76
76
76
22
79
56
56
532
31
513
513
1015
47
27
88
12
236
73
73
24
47
1332
1332
1332
207
207
996
448
37
37
47
233 47
37
54
343
343 660
343
343
343 621
660
343
1333 1334
343
343
343
343
660
343
343
343
297
1129
2
172
210
22
22
22
1335
12
12
294
294
979
979
47
6
233
289
399
149
149
76
76
253
72
26
1336
26
59
439
1337
2
2
12
114
1094
1241 1338 1339
27 283 67
1340
166
12
1341
37
22
133
133
1342
1342
2
38 37
46
22
1343
73
30
2
86
59
1294
1294
1294
1344
27
51
1345
553
153
51
51
51
1345 51
22
27
13
207
115
588
588
1064
1346
27
67
12
80
80
80
80
80
80
80
6
80
741
183
183
1347
1347
88
12
59
59
308
24
59
59
59
372
435
435
86
71
22
22
79
79
6
6
289
6
1348
1348
1349
69
359
22
76
227
1350
255
30
1351
24
104
1352
435
47
181
181 504
504
104
1203
88
72
72
72
1353
76
1203
1223 88
1133
72
72
359
37
477
1354 762
812
1355
1356
222
222
1357
12
1005
12
2
2
97
1358
921
107 72 314
207
37
467
27
27
372
1359
472
804
27
27
86
701
316
233
952
22
73
73
210
79
880
79
77
65
227
1360
150
59
59
59
59
59
59
59
59
59
59
59
59
59
59
59
59
59
59
59
59
59
59
59
59
59
59
59
59
59
59
59
59
59
59
59
59
59
59
59
59
59
59
59
59
59
69
1361
1361
287
1362 1361
682
682
6
27
27
798
1107
37
37
12
1363
1364
432
877
877
36
234 46
72
352
352
23
23
22
23
29
27
330
499
12
477
477
29 27
30
30 23
23
12
168 59
12
227
435
307
215
27 209 29
77
59
726
877
729
59
12
253
253
253
72
30
149
195
46
46
46
1365
588
667
667
513
12
2
2
588
12
116
37
6
47
86
46
1366
277
277
277
277
65
65
65
277
1367
175
317
201
68
1108
439
37
37 39
37
615
1368
22
12
59
37
68
288
67
67
29
67
27
27
6
67
31
27
6
29
67
67
6
29
1195
37 202 38
37
795
37 852
37
203
37
37
37
38
906
36
36
883
37
134
37
37
37
22
37
37
37
37
37 36
37
39
738 37
37
37
328 37
37
2
37
37
27
36
37
37
2
37
37
37
37
36
37
37
26
37
37
37
37
883
2
2
37
37
37
37
6
37
22
37
37
2
37
37
726
37
37
37
37
37
2
2
38
37
37
37
59
389 165
163
1369
1369
35
120
120
46
1370
26
253
31
31
15
287
288
411
289 396 6
6
6
27
27
2
2
27
661
661
14
14
1052
1103
1371
1371
1052
1371
93
31 67
715
15
2
37
37
38
37
38
37
38
37
37
37
37
37
37
31 27
209
67
1372
37
37
12
119
379
19
16
379
748
153
27
419
104
359
359
76
72
215
215
215
220
2
106
106
2
2 27
27
72 376
1373 331
331
247
247
539 1374
1374
1375
1376
46
1377
1378 1379
24
45
229
195
195
234
65
195
195
1172
22
73
73
56
134 1380
22
29 27
27
27 29
1381
273
1382
1382
760
760
215
213
213
119
27
115
387
244
244
1262
379
1383
1375
1075
1075
1075
27
79
37
36
30
12
346
72
37
37
37
37
130
130
994
908
2
116 1384
24 1384
59
91
91
91
91
207
207
22
12
12
12
79
271
22
77
46
1297
615
1296
1296
163
205
1385
279
279
1236
13
75
104
1386
655
372
116
273
12
12
59
12
253
2 241
475
12
69
2
27
79
67
22
1172
916
26
233
51
233
36
65
7
47
398
6
107
72
775
1387
1387
1388
1387
1389
1387
376
588
37
12
12
12
190 86
86
65
93
22
1390
14
14
14
14
14
14
93
12
22 1080 352
76
76
27 29 13
37 38
26
1391 556
475
114 31
213 530
530 661
213
1095 47 49
703
703
52
27 114
535
259
27
78
76
354
1215
415
732
448
37
37
72
532
984
1392
55
379
471
432
427
501
46
93
182 47
182 289
289
182 49 52
22
236
236
49
289
195
812 1393
762 1394
1395 762
1111 1025
777
812
812
812
77
35
47
289 354
501
501
761 501
501
359
347
347
207
37 38 328
533
533
12
32
32
308
273
23
491
491
58
491
210
247
522
289
289
397
1052
1052
86
26
26
86
86
1
215
1240
1240
1396
1397
1357
73
73
294
294
1398
1398
1399
14
1020
237
237
50
289
257
12
30
73
73
79
32
37
720
339
1400
339
1400
1401
1295
12
1270
1204
27
209 13 27
27
29 209
12
209 29
37
37
37
289
441
441
441 37
441
441
2
441
38
354
37
2
887
91
12
12
12
59
26
522
2
354
354
26
26
26
37 38 39
38
38 37 39
37
38
26
26
12
91
37
12
316
59
38
37
38
37
76
76
1402
27
114 27
149
149
93
93
1403
1000 130
86
788
122
1404
1405
1406
980
869
1146
410
77
2
830
124
13
77
6
1407 80
513
602
513
513
207
1221 26
116
37
37
86
661
293
530
896
12
72
116
12
47
47 395
6
22
22
1025
42
22
22
28
372
13
1380 18 19
37 39
41
41
37
37
213 314
213
314
88
37
2
2
86
91
439
1059
72
1408
213
76
76
76
76
76
12
1409
104
2
12
196
22
379
2
2
2
2
116
12
37
2
2
2
2
27
79
12
46
72
26
37
539
2
37
19
2
539
29
26
26
583
556
583 1410
429
429
468 1411
73
316
373
1412
37
243
452
209
1413
27
1414
331
81
191
12
73
79
208
12
13
253
46
354 180
180
207
207
351 27
207
46 207
1415
1416
1416
499
1417
1417
1252
1252
1252
1252
1418
1252
1252
1417
72
72
106
78
88
88
254
59
12
1419
149
1133
436
2
27
441
65
59
59
213
195
236
435
37
1420
328
720
12
234
522
522
522
522
522
86
273
12
14
12
59
209
716
77
2
459
2
1421
1422 1423
86
1424
1179
6
1425
2
12
2
79
79
1108
1426
661
1427
1172
27
27
129
530
1108
1
189
189
1428
1428
1428 191
1428
1428
26
581
346 581
741
780
346
581
346
36
287
287
142
86
86
86
76
76
46
46
276
77
77
12
12
787 210
72
77
12
134
14
720
764
764
764
86 273
1429
946
1430
1430
1430 1367
41 1367
1331
1430
1430
1430
1430
41
1367
1367
41
37
37
1344
1344
775
1344
37
47
47
47
6
24
359
359
1431
37
2
2
22
2
528
528
528
88
86
129
2 241
2
1432
22
121
522
522
2
2
2
729
65
697
12
30
30
30
77
73
73
73
253
65
1017
1326
1326
1326
1326
1326
83
925
22
88
86
86
72
37
890
12
39 37
787
37
12
79
14
406
22
407
23
406
406
12
46
129
12
59
234
655
2
207
51 233
86
1433
661 293
661
1434
272
1298
22
1435
1435
122
119 35
12
120
1052
215
698
2
12
1436
31 27 209
79
1437
32
88
1360 29
27
27
27 32
1438
12
30
30
952
46
73
73
37
26 433
207
59
63
207
37
37
1439
1440
1110 278 1441
278
278
149
149
149
27
207
207
207
27 13
27 13 114 28 166
59
27
27
207
27
27
59
26
46
1150
67
375
30
207
2
29 27
37
37
15
15
530
530
530
530
530
515
2
207
207
1429 764
1429
1429
12
407 1442
27
27
1298
1443
249
998
79
79
79
79
12
12
37
271
86
86
86
12
6
47
15
288
77
77
345
316
46
273
1444
47
116
237
1445
1446
1447
1448
1447
1447
203
1447
1447
1447
12
554
554
2
916
916
916
273 1449 916
916
439
436
59
64
14
206
203
46
12
984
12
19
58
1295
1295
253
46
2
79
79
283
283 27
76
27
67
27
283
67
283
283
27
27
67
29
283
46
1450
354
1451
1451
1451
1451
354 107
22
237
423 237 1452
2
86
233 288
81
2
482 29 31 27 67 336
67
69
59
47
52
47
2
77
73
72
149
15
19
58
1453
1453
38
270
359
359
150
150
150
227
213
215
213
673
1454
27 29
2
37
37
37
372
372
12
70
12
413
47
37
942
943
146
146
30
286
73
45
701
701
701
72
72
72
72
72
72
76
1455
242
242
37 554
37 1227
1227
415
415
37
37
203
206
279
27
856
427
427
2
76
29 27 124
64
64
717
12
12
12
439
12
27 29
59
2
72
1456
540
540
32
407
359
359
359
46
379
379
787
210
210
715
210
10
243
1111
359
170
2
22
170
169
170
28 209 13
209 12
12 728
27
170 29
901 856
201
170
22
1430
653
124
146
79
79
79
883 37
1457 1458
27
27
115
258
258
258
1459
1459
22
22
76
76
76
76
22
307
523
209
37
37
37
47
26
59
732
12
732
732
26
732
59
46
732 475
59
434
732
26
26
1460 24
732
30
30
30
732 475
720
732
2
2
2
732
59
26
732
732
748
887
732
26
720
273
352
720
26
12
30
30
875
12
273
76
581
346
12
12
73
73
607
26
26
26
1461
72
72
351
258
12
12
12
67
855
515
661
448
253
253
12
2
2
818
351
37
87
12 37
76
249
30
30
65
72
30
91
12
37
359
32
921
88
27
27
522
14
12
77
1443
24 317
317
1443
1462
1463
79
79
387
72
22
22
22
22
77
1464
1132
1132
12
12
77
77
12
2
522
522
27
93
1465
2
1465
253
346
76
37
798
799
130
27
27
35
130
91
91
88
209 27
86
86
27
27
27
29
12
27
222
415
415
50
439
415
27 29
91
12
88
88 814
67
330
1466
1466
1466
771
22
22
72
72
387
12
12
12
88 814
59
22
22
22
106
724
26
1467
387
268
79
477
22
22
22
76
76
12
12
6
1345 6
289 6
1345
22
22
6
91
91
327 208
47
46
88
88
88
88
88
88
88
1468
88
308
88
88
88
1469 26
830
88
308
308
88
439
448 308
26
88
88
88
88
88
308 1470
1470 308
308
308
308
308
308
308
308
308
308
308
308
88
1471
119
29 27
27
183
6
47
1294
441
37
37
396
6
207
6
1017
124
1472
1472
1473
12
153
235
153
2
207
69
610
610
74
294
1474
163
210
12
1472
106
1475
1475
26
439
207
1476
30
30
2
1477
1477
441
973
728
973
728
973
973
973
28 973
73
359
88
465
12
12
29 27
27
134
1133
116
116
1005
12
79
79
253
1478 880
1479
76
373
373
12
37
125
1294
1480
116
172
262
1481
1481
1481
1481
98
37
37
1482
787
411
27
1483
14
1484
1484
1485
1486
1486 1487
1487
1488
1488
1488
1273
1273
1489
680
436
1490
436
73
680
681 680 1491
681
681
59
436
680
436
680
680
2
2
2
2
2
2
680
2
65 631
26
277
277
522
788
37
37
37
530
19
429
429
1492
1492
1493
1494
29
2
1495
22
26
1496
77
653
26
22
2
2
404
2
294
432
432
432
450
203
26
26 1497
439 26 215
215
1498 215 448
26
26
26
26
12
12
26
26
26 448
448
26
26 426
1499 1500 26
59 76 154
26
26 1497
76 26
76
448 26
26
26
1501 26
354 37 38 1027
1027
1027
1027
1027
1027
1027
1027 37
59
58 18
26 426
314
76 314
59
26
26
59
26
59
59
26
76
59
26
26
448 1467
59
59
372
59
26
26
37
37 38 448
59
26 448
26 448
59
59
59 26
26
17 461 18 1502
461 18
18 211 461 26
372 308 26
59
59
76
76
15 76
26
59 26
59
26 1213 426
26
36 15 798
26 308
26 1497 1503
1497 26
308 26 1504
76
76
76 26
76
698 1175
172 372
26
26
26
59 26
37
883 37 448
26
26
26
26
26
26
26
26 448
26 124 448 413 1505
26
26
26
26 59
59
26
26 448 413
26
26 1175
426 38 37 26
26
1506
30
59 698
172
1507 26
26
26 59
58
58 18
26
26
26
26
76
76
59
26
26
1508 26
26
76 26
26
37 38
26
76
26
26
26 1336
67 31 27
32 67
26
26
26
26
26
26
26
19 461
18 461
18 19
18 19
18
26
37
12
91
435
220
88 242
88
242
242
242
242
242
242
242
1341 242
1341 242
242
242
242
242
242
72
242
242
242
1509
122 266
122
1270 1510
72
14
14
14
220
355
531
531
37
37
1511
287
287
27
19
79
79
2
830
112
656
79
79
234
587
91
12
124
244
244
1512 603
588
600
1513 407
449 12
12
253
2
12
59
12
14
77
115
1514
59
22
22
27
27
30
30
2
237
237
237
174
180
180 955 1515
12
12
24
905 1179 153
1179 153 1509
802
27 29 114 31 28 209
46
72
1516
795
1517
85
673 294
85
85
12
86
27
2
91
92
439
1518
1519
1519
1519 1346
1519
29
1346
380
37
1520
1521
1521
249
38
12
6
1522
12
59
294
12
650
12
46
147
1523
41
650
650
721
231
116
206
201
37 15 38
172
207 12
12
341 1524
283
288
288
26 1500
76
4
4
249
78 1525 1526 254
78
373 1527
373 1528
1529
27
91
1530
330
78
1531
97
97
97
86
86
46
12
408
2
2
207
59
1532
1533
69
1534
26
91
65
4
126
1535
806
807
807
126
126
128
37
37
59
27 28
27
37
12
76
1203
1536
125
134
38
38
38 37
37
38
37
1537
1538
6
6
6
6
346
1095
47
6
47
47 1095
47
47 1095
1095
47
47
185
47 52 273
27
346
76
12
16
16 18
16
16
16
17
108 17
108
108
108
47
24
24
24
37 38
47
12
1539 1540
1540
73
979
979
855
530
661
55
980
58
610
1541
55
299
2
386
133
116
72
2
46
76
12
1319
1
1542
1057
207
207
1445
27
328
521
902
37
207
207
86
59
67
283
27
37
27
12
12
37
345
728
46
46
556
345
271
72
201
12
72
191
76
359
76
76
30
30
1293
1293
1368
107
1368
1543
14
68
69
73
2
97
12
76
12
12
12
449
432
432
28
27
2
2
2
1544
1544
77
535
893
893
1545
133
1335
1546
6
15
30
65
1547 1548
65
104
12
918 1549 1550
1550 37
26
26
2
6
6
51
27
51
720
720
6
12
984 789
1551
59
347
347
347
2
268
273 86
59
2
86
2
86
423
86
86
1552
2
720
119
2
78
352
703
6
347
373
27 209 31 114 13
114
114
46
86
1219
734
72
838
2
2
2
47
893
260
100
30
22
77
22
1412
12
237
1293
1293
1293
237
107
1553
1553
73
15
1553
1317
1554
1555
253
253
830
75
372 653
12
12
68
68
359
427
441
37
37
76
107
107
107
107
107
107
107
15
328
343
915
93
93
59
1556
1300
522
134
135
135
1534
76
1557
1557
59
46
447
1558
1558
1558
1558
1559
1559
1429
1558
1560
1560
124
1561
1561
439
439
26
46
104
104
997
73
73
86
79
79
79
79
79
12
12
72
73
47
6
153
883
2
22
22
149 107
149
149
215
592
12
41
77
372
441
203
88
12
471
79
477
734
2
1562 1167
1563
1563
1564
1564 376
1002
1565
244
603
1566
1391
86
423
22
603
86
1391
32
12
12
347
24
24
1567
725
909
1568
149
1276
2
991
27
1569
195 1569
1569
1569
1569
1569
195
1569
1569
1569
1569
1042
56
869
980
661
661
661
55
379
10
76
76
73
73
12
74
79
79
434
1477
1477
1477
359
359
37
37
1477
1477
1477
1477
1477
1477
359
72
556
116
588
79
741
207
553
405
405
405
792
792
26
59
372
1336
26
26
26 201
1336
340
340
328 37
37
994
142
379
432
37
12
12
654
12
12
12
12
12
12
379
2
76 346
37
76
545
545
545
461 18
163
163
164 1474
760
815
213
215
294
294
294
213
76
76
76
76
76
1295
76
76
76
943
809
389
615
293
294
37
22
55
912
72
72
1570
1570
1570
1570
195 436
436
12 65 819 860
249
5 1571 650 77
26
72 807 435
408 78 254 256
46
130
210
210
12
468 998
359
359
468
210
210
715
468 258
1151 41
41
46
46 207
169
1572
201
201
27 67
1573
209 67
114
283
27
29
29
27
27
67 27
67
114
2
331 2
59
59
88
407
407
407
76
76
76
407
76
12
72
72
59
2
22
22
79
79
37
59
59
59
59
1574
24
24
207
207
