1
1
2 3
1
1
1
4 5
2
2
6
6
6
6
6
1
7 8 9 10 11
1
12
13
14
15
16
5 17 4
18 19 4
1
1 20 21
1
22
23
16
24
1 12
1 12
25
2
13
1
1
1
2
1
1 12 26
1
1
1
22
2
1 23 15
15 3 2
2 23
3
1
2
2
1
1 27 28 29 30 31
13
1
1
2
1
1
2
2
2
2
2
2
2
2
2
2
2
15
2
2
11 7
32
2
2
2 33
2
2
2
2
2
2
3 2
2
34 1
1
6
1
1
35
35
27 35
35
35
2
1
2
1
2
2
2
3
2
2
2
13 36
37 10
37
15 38
1
1 23
1
1
1
1
2
1
1
1
15
15 2 3
15 1
1
1
1
1 23
1 27 13
2
2
1
2
27 1
1
1
2
13 39 21 40
39 23
21 39 1 13 41 27 42 40
2
2
1
1
1
43 44
44 1
10 11
16 1
2
2
15
24
24
24
1
24
1
45
1 28
13 34
1
1
1
1
46 1 23
6
1
1
24
2
2
24
24
24
1 47
43
48
44
1
1
2
2
1
1
13
3
3
3
1
45
35
48
49 50 51
1 46 52
50
2
1
1
2
2 53
1 54
2
55 1 56 2
16 24
24
24
23
23
1
1
1
2
2 7
1
2
2
2
2
23
1
1
13
1
1 28
1
1
1
1
1
57
58 1 43
59
43 59
43 59
59
59
23
1 60
1
1
1
1
1
1
6
6
6
2
1
7 1
23 1 7
23
1 23
1
1
2
1
2
1
1
1
1 12 13
24
24
6
24
24
61 62
1
3 2
2
6
13
1
1
2
2
63 1 64
1
1
1
1 41
1
13
6
2
2
2
2
1 23
11
1 13
1
1
15
3 15
3
1 23
2
2
6
1
24
1
23 1
1
2
2
2 33
2 33
23
2
1
15
65
65
65
65
65
65
1
1
1
1
1
2
1
22 32 37
15
2
3
2
1
1
1
1
1
23 1
2
2
2
66 58 1 67
7 37
58 2
2 27
23 68
3
2
15
1 23
24
1
1
69
2
23 13
1
1
43
1
46 70
1
1
1
1 12 70
1
1
71
71
2
23 1
32 57
57 13
1 57
57 22
63 1 64 28
57
57 1 45 72 73
32
32
1
1
23
70
27 2
2
1 28
74 13 75
69
24
2
1
1
57
57
57
57
57
1
43
48
7 2
1 41 76 77 55
55 78
23 35
22
79 15
15
6
1
2
16
1
1
23 1
1 28
1
1
51
51
1
1
13
24
80
1 51
1 41 81 82
1
1
2
2
1
1
1
1
2
2
1
15
21 1 70 23
1 28 51
63 83 1
1 23
1
1
84
1
1 13
2 3
3
22
22
1
2
1
1
1
57
45
1 85
1
1
1
1
1
1
1
1
1
70
1
1
1
1
13
1
1
1
1
2
16
1 86
1
1
2
2
87 88 6
51
51
1
59
11
1
24
89
1
1
1
89
1
1 23
1
1
12 90 63
1
23 1
1
70
48
2
2
1
91 92 2
2
2
1
10 37 7
3
3 33 2 93
28 1
1
1
2 94 3
95 2 94 33
2
2
2
1 70
1
1
23
1
1
35 1
1
2
2
1
1
1
1
1
2
2
2
2
2
2
13 2
2
2
1
1 7
1
1
1
96
23
96
96
51
63 1
1 96 23
1 23
1
1 70
1 23
97
97
97
98
99 1
100
51
1
1
1
1
1
2 101
1
1
1
2
1
63 13
57
57
1
2
2
2
3
2
2
33 2
2
24
2
2
2
2 3
2
3 2
2
89
89
102
69
1
2
13 1 92
2
2
2
2 103
103 2
2
3
3
24
1
1
1
1 23
1
59
59
1 23
1
22
22
1
12 23
1
1
1
2
2
2
24
24
1
2
2
2
2
1
23 1
44
1
15
104 105 36 13
72 2
24
1
55 1
2
2
2
1
1
1
2
2
2
2
15
106 107 15
15
15
108 51
109 110 26 111
1
1
1
1
1
24
3
3
3
1
24
26 112 1
1
1
1 13
1
1 21
1
1
1 59 27
1 13
113
51
3
1
1
2
2
2
2
2
6
1
1
2
2
72 1
23 1
1
23
65
2 94 103
1
1
62
1
1
1
1
1 13
1
1
35
1
1
1
1
1
1
1
23
1
1
1
1
3 7
55 1
23 1 28
1
1
2
2
32
32
2
114 89 70
19
19
19
4
1
1
1 23
1
2
2
2
25
2
13
13
24
1
1
1
1
1
1
1
1
6
1
1
110 1
41 1 23 2 70
1
115 6 63 58
1
1
1
1
1
1 23
1
1
15
16
16
1
1
1
1
116 51
1
51 108
1
102 15
10 93 7
10 11
1
2
1
51
1
1
1
13 117
1
1
1
1
13 1
1
1
1
1 28 118 119
1
24
51
62
1
120 2
121
89
6
1
1
1
1
1
1
1
87 122 6
6
1
16 123
2
2
2 33
2
1
1
3
15
2
1
1
2
3
24
24
2 124
2
2
2
2
2
1
121 102
37
121
121
121
121
1
125 1
12
2
2
1
1
1
1
2
1
16
1
1 23
92 12
1
1
1 13 126
24
2
1
1
1
1
1
59
1
1
24
24
65
15
16
72 127 128 129 16 1
1
1
1
1
1 23
1
1
1
2 3 72 130
100
15
2
1
2
2
1
23
1
1
2
1
1
1
24
24 124
1
131 13 132 133 134 135 136 137 138 139
140 141 13
1
2
2
2
2
2
2
65 16
2
1
2
2
65
24
124 24
57
142 1
1
83
1
2
2 1 117 26
2
1
1
13
112
112
112
1
143
1 10 41
13
2
23
1
1
1
1
2
144 2
1
2
100
23 51
1
2
57
1
7 23
110 1
2
2
7 2 10
35
145
146 1 147 21 148
1
1
1
28
1
1
1
1
1
1
13
1
2
1 41
23
1
26 149 1
23
1 28
16
16
16
62
100
16
2
1
23
100
1
1
1
57
1
1
57
57
43
32
22
43
43
43
51
6
6
41 1
1 23
1
1
13
1
20 150 1
151
2
2
1
57
57 124
1
35
23
13
1
1 23
1
24
24 2
2
3
2
1
23 1
1
23
23 1
1
28 1
1
69
69
62
1
1
152 23
153 1
1
1
1
1
1
23
2
2
1
1 154 41 155
156 157 1
2
2
2
1 12
2
2
23 1
2
2
2
2
1 48
1
24
24
1
1
15 3 1 23
2
1 12
24
2
1
1
2
21 1
1
1
1
24 70 1
70
24
70
6
1
16 158
35
1
13 23
70
1
1
1
159 1
1
70
1
15
15 3
15
15
15
1
1 41
1
1
1
1
6
6
6
6
6
1
1
1
1
1
1
1
1
1
102 15
2
1
1
1
28
6
6 160
7 15
2
2
93 10 7
2
1
1 12
1
1
2
2
2
1
59
59
1
3
2
2
1
1
1
1
1
1
65
65
2
2
23
1
143
143
57
57
57
3
47 23
1 22 161 57 32 162 163
164 25 165 166 21 167
147 1 23
72 1
88 124 168 1
1
48
48
48
2
2
2
2
6
108 51
2
2
2
2
76 169 1
1
13
1
1
1
2
84
57
33 57 59
1
59
1
1
6
1
65 24
24
24
1
23
1
13
1
1
1
1
1
1
1
1
1
1
1
1
1
1
1 41
1
1
1
1
1
2 94 33
24
24
24 160
24 124 6
1
1
1
2
2
2
2
2
51
51
1
51
169
169
51
1
1
1
13
170 1 94 171 2
2
2
2
2
2
2
2
2
1 70
2
2
2
2
2
2
2
172
172
6 24
2
2
121 2
2
2
2
2
1
1
2
2
13 27
2
83
1
1
1
1
59
1
1
1
114
15
2
13
1
1
1
1
2
1 23
1
1 23
1
1
1 28 23
1
1
1
1
173 79 2
3 2
1
1
1
24 124
1
23 1
1
1
1
174 2
1
1
174 2
2
2
2
2
2
2
1 153
1
1
2
1
1
1
57 12
24
1 23
23 27 1
2
153 1
23 13
1
2
2
16
175
1
1 23
1
1
1 57
32
22
24
24
24 2
2
19
2
2
3
24
176 2
2
2
1
1 13
13
1
51
1
1
1
2
2
2
1 23
1
37 10 94 7
1 177 42
1
1
80
1
1
1
2
2
2
114
1 23
2
11
12 1
1
1
1
1
3
45 57
57
57
57
1
1
1
1 28
1
1
1
1
2
2
2
2
13
2
2
2
23
1 70
110 1
1
2
24
24
1
23
1
23
1
1
1
1
1
1
1
1
1
2
2
2
2
2
2
1 13
1
1 23
1
1
1
1
1
1
1
1
1 178 13 179
24
2
2
2
153 1 23 163
1
153 1
1
2
147 2
24
24 94 124
57
45 57
2
50
1
1
13
2
12
12
1
1
57
2
2
2
2
2
1
159
57
57
124 6
24
1
1
1
41 1
1
1
1
121
2
1
1
1
28
1
1
1
1 26
1
1
1
1
1
1
1
1
1
1
1
1
1
1
1 28
1 13 180 181 182 183
1 58
2
2
3
3
24
11
1
23
1
1
1
184
2
1
1
59
1
1
1
1
1
1
1
1
1
1
1
1
1
1
1
1
1
1
58 1 129 46 185 101
1
1 74
1 28
1
1
1
2
2
6
6
6
1
1
1
1
1
1 186
93
93
93
72 2 94 3
2
19
2
2 7
2
2
1
1
2
13 41
1 83
25
187
1 23
1
25
25
15
1 58
21 1
1
1
1
1
1
23 1
1
188 41 1
1
1
1 41 189
51
1
6
22
1
65
65
1
3 2
1
1
1
1 25
2
1
24
15
1
24
24
130 24
3
3
15
85 1
1
1
1
1
1
1
15
1
23
190
93
93
45 1 26 41 169 191
1
28
41 28
28
1
1
1
1
1
1
1
1
50
1
51
24
24
24
1
2
1
1
2
1 87 174 41 192 39 126
1
1
7 1
1
3
1
12
24
193
2
1
23 1
23
15 94 2
22 102
22 2
2
1
23
1
1
102
1 13 45 194 195
195 12 23 28
1 63
1
1
1
1
13
1
65
24
24
24
24
24
24
24
24
1
1
1
1 28 13
1
1 13 196
22
22
22
22
197 1
23 79
2
1
2
2
2
2
2
2
2
19
2 4 19
2
2
2
2
1
1
1 55
1 47 94 124 198
2
2
2
6
1 6
13
7 1
1
1 23
1
26 1
1
12
69
140 23 1
6 199
51
2
2
153 1 23
1
1
4
2
2
3
1
1
1 12
1
1
1
23
23
23
23
23
200 1
13
1
1
1
182 183 78 201 181 47 26
33 46 101 2
1
1 202 203
1
16
65
1
1
2
1
1
1
1 7
1
1
1
1
1
70
1
1
1
1
23
1
1
1
1
1
1
1
1
1
1
2 1
1
1
1 12
1
1
23
1
1
2
3
2
1
23
1
1
1
1
24
24
6
24
45
28 1
28
79 3 129 103 185 94 46 173 72
1
1
1
23
23 1
23 1
1
16
6 16
1
78
78
2
2
15
1
1
1
1
23
54 1 76 23
13 60
1
1
1
143
1
24 6
1
24
2 19 4 5
3
2
1
16 55
143 102
3 2
1
1
1
1
204 1
1
16
1
1
2
1
1 58
23
1
1
1
1
24
24 124
1
1
1
1
1
1
2 94 33
1
1
1
1
1
2
2
1
1
1 58
1
154 112
149 112
2 33
2 33
2 79
1
1
1
1
1
2
1
1 184 23
1
1
51
51
1
1
2
2
23
23
1 12
1
1
1
1
1
58 62
1
1
6
1
1
1
1
1
23
15
1
22
19
4
2 33
6
2
1
1
1
1
1
1 205 206
207 1
1
1
1
13
2
1 12 87
23
1
1 23
11
1
1
1
1
1 23
1
1
2
1
1
1
1
1
1
1
2
1 147
206 1
1
184
1
1 208 209 74
1
1 23
2
1
1
2
57
57
57
2
2
1
2
2
2
1
1
1 48 210 211
1 26 110 41 149
93
2
1
6
6
6 212
6
2
2
2
2
22
12 23
83 1
1 23
1
6
6
14
15
13
1
2
2
2
2
1
6 72
6 213 72
22
22
22
22
23
11
11
11
11
1
2
1
1
33 1
1
1
83
6
1 45
1 23
23
28
1
1 59
1
2
1
1
1
1
1
1
1
1
1
1
1
1
16
16
1
1
23
1
1
1 23
2
1 94 214 21 58 163 46 215 72
1 2 23 13
23 216 87 214 217
1
33 2
1
7 57
41 23
30 1
2
2
2 58
1 13
1
13 1
1
1
93 102
114
6 213 127
218 33 72 15 102 171 219 121 89 127 130
6
1
62
1
1
6
32
24
11 58
58 2
2
2
2 220 221
2
2
4
19
93
1 222 223
11
1
1
2
1
117
117
117
117
1
1
1 7
1
23 70 1 2
23 1
1
194 10
14
1 55
11
1
93
2
1
1
84
2
2
1 2
1
1
1 41
1
1
1
1
2
2
2
1
1
1
28
1
1
1
1
1 7 8 224
3 2
102
24
1
1
2
11
108 93 21
2
13
2
2
1
1
2
2
2
1
1
2
1
13
2
2
2
2
72 2
23
2
2
2
1
1
1
1
1
1
1
1
1
3
2
1
2
2
124 24
15
15
15 6
6
6
78
6
6
6
2 7 3 15
12 1
13
2
2
2
2
2
2
2
2
2
2
2
2
2
2
2
2
2
15
2
1
1
2
2
2
2
2
2
1
1
15
3
1
1
1
1 23
211
16
102 2 23 211
2 33
145
1
2
1
72 1
24
24
1
1 225
2
2
2
2
55 175
16
1 41
1 23
226 1
1
1
23
2
2
112
112
112
211 23
2
2
2
2
24
24
24
1
1
59 35
1
1
1 227
227
1
2
3
169
1
1
228
93
121 93
1
1
1 23 21
1
1
1
28 1 23
2
2
2
45
57
1
1 23
2 229
62 16 213 6
58 72 6
16 124
6 124
6
124 16 160
124 16 160 6 168 115
62 230 231
2 127 94 232 62 124
2
2
2
15
2
2
2
23
2
2
2
15 2
3
3
13 25
2
233 20 234 1
1
1
49 169
6 124
6
6 124
124 6
124 24
24
24
24
124 6
13
13 214
2
2
23
2
51
2
2
2
2
2
51
23
21 1
7 1 21
1
1
45 1 2
1
1
2
1
1
2
2
2
2
3
1
23 74 235 208
2
3
3 19
1 20
20 1 125
1 233
1 41
1
1
2
2
2
1
1
13 1 236 237 208 238 239 240 241 242 75 74
24
110 100
2
1
2
2 3
2
2
1
117
1
57
57
57
57 243
57
1
1
1
1
1
1
21 1
2
2
2
43
43
2
1
6
6
1
1
2
2
2
1
1
2
1
1
2
1
2
2
3
2
6
6
6
243 1
1
1
1
244 13 34
13 244 1 12 70
2
245 1 23 41 246 247
248 1
1
1
1
1
1
1
1
1
1
1 249
1 250
251 252 1 253
1 250
1 254
1
7 15
25 1
1
55 108 51
3 2
1
16
1
14
1
1
13
1
1
1
1
1
1
1
1
70
1
13
1
1
1
1
32
32
32
32
32
32
32
32
32
1
15
89 127
65
65
1 23
3
1
1
65
102
13
103 2
1
1 255
79 103 2
2
1
1
28
1
2
147 1
1
2
1
1
1
1
1
1
1
1
1
1
1
110 1
1
74 23 178 208
1
1
22
1
6
23
23 1
1
1
1
1
1
1
1
1
1
1
1
1
1
1
1
1
1
1 2
41 1
1
32 7
1
1 154
23
1 23
100
45
1
1
1
1
1
1 12
1
1
1
1
1
1
1
1
70
1 13 70
6 124
6
1
1 256 35
48 59 1
22
22
22
23 1
23
2
1 13
2
2 72
2
1
2
2
2
2
2
24
2
2
2
2
2
2
2
2
1 83
2
2
2
2
2
1 13
1
1
1
169 113 16 71
1 71
71
16
1
55 1
1 94 2
1
1
2 10
1
23
1
3 22
13 1
1
1 257
1
1
1
1
1
1
1
1
1
2
2
2
2
1 83
1
1
24
1
1
1
1
1
1
1
1
1
35
1
1
1 28
1 28
1
1
1
1
1
1
1
1
233 20 258 85 1 28
1
1
1
1
1
1
1
1
1 83
83
83 1
83
41 1
22 32
7 32
48 1 59 83
1
1
1
1
23
1 23
1
1
2
2
2
100 65
76 1
1
2
2
6
6
1
1
1
1
1
1
19
1
1
2 94 23 1
1
1
1
3
3
2
6
2
1
1
1
2 259 72
102
121 7
2
1
1
1
23 87
1
1
171
171 219
1
1
65
1
23
45 57
57
1
2
1 58
1 72
1
1
15
2
2
1 13
1
1
2
2
1
1
1
16
24
1
1
1
1
1
1
1
1
1
1
1
1
1 7
1 58
2
2
16 24
24
24
2
1
1
2
2
51
51
1 214
1
1
1
13
260 13
2
2
1
1
15
1
59
59
13
89 94 2
1
70 23 1
1
1
1
83
1
1
1 13
58 53 185 129 128 72 1 25 46
6
6
261 2
2
2
70 28 1
108 23
1
1
1
1 23
1
6
6 262
1
1
1
1
1
1
35
21 2
2
2
1
1
1
1
1
1
1
43
1
1
1
12
1
1 70
132 263 13
15
1
264 2
2
2
2
1
2
2
1
1
35
12
147 1 265
1
1
1
1
1
1
1 28
1
2
2
113
57
57
1
1
1
1
1
1
59
1
57
1
1
1
1
1
1
2
2
2
2
1
23
89
1
1
2
1
1
1
1
1
1
22
1
1
121 102 114
1
2
1
1
163 1 23
1
1 266
1
1
1
1
1
1 28
35
1
28
1
1
1
1
1
1
1
28 1
1
1
1
1
1
1
1
1
23 1
2
2
1
1
1
12
1
1
1
1
13
1
1
1
15
12
1 2
153 1 7 41 27 196
3
2
2
1
2
2
2
2
1
6
1
1
1
1
1
1 23
1
1
1
16
23
1
6
21 1
1
1
1
1
3 15
3
3
2
93
2
121
1
1
1 12
6
6
23 1
1 23 63
1
70 1
1 210 211
2
1
1
59 1
1 35
1 70 35
35
1
1
1
1
1
1
1
13 1
1
1
1
1
1
1
1
28
1
1
2
1
1
1
1 243
1
1
1
1
28 1 267
1
2
2
23 2
2
1
1
2
1 28 268
160 6 122 124 88
1
1 41
1 58
1 41 58
1 23
1
1
1
16
1
1
1
1
10 37 7
2
2 3
3 2
2
15
102 15
121 15 3
15
3
15
15
121
102
65
1
1
1
1
269 13 60 270
15
1
190 1
1
1
1
44
44
51
1
1
1
1
24
16
89
89
2
2
2
1
2
2
2
1
1
2
1 23
2
20 2
21 2
2 60
24
1
1
10 7 1 35
15
1
1
271 1
171
1
1
190
227
1
1
1
1
1
1
1
23 1
1
2
1
1
58 6
6
6 124
124 6
6 72
124 87 62
124 61 62
124 62
6 62 124
124 6
6
1
1
2
6
2
244 1
1
2 33
2
2
2
2
2
2
2
2
1
1
1
2 174
2
1
1
1
2
2
2
2
272 6
2
2
268 113
1
1 23
2
2
2
6
102 2
1
2
12
23 83 13
1 21
2
2
2
2
2
2 1
2
2
2
2
2
1
13
2
43
211
24
1
15
11
11
159
159
159
1
1
1
1
1
1
24
24
24
1
2
3
1
1
3
3
3
1
1
1
1
3
23
1
1
1 23 12
1
273
2
1 153
1
211
1
1
1
13
2
2
2
2 27
1
1
1
72 1
1
1
1
1
1
1
13
2
1
22
1
1
114 102
102
2
2
2
2
2
2
1
24
24
24
1
1
1
1
256
1 70 256
1
1
1
65
2
2
1
1
6
6 213
1
1
1 23
70 23 1
160 6 212
13
13
24
6 24
24
1
1
1
274 1
1
16 2
2
1
43
1
2
23
275 1
12 276
15
1
2
2
6
6
6
6
6
13 277
2
1
1
1
1 12
1
48
1
278 2
2
2
57
1
1
13
2
2
2
2
24
6
1 7 10 8 279
94
280 45
13
71 24
24
1 23 52
1 74
1
1
1
23 1
1
93
1
1
6
2
2
1 28
4
2
1 83 70
2 7
24
24
2
2
2
10 37
10 7 37
2
100
24
2
2
1
1 23
1
1
1
22
102
1
1
1
1
1 45
1
1
1
2
10 37
1
1
1
1 12
1
1
59
1
1
1
1
1
1
1
11
11
117
1
23
3
1
1
1
1
3
244 1 169 23
51 15
15
1
1 184
1
1
15 102 121 37 281 195 282 283 190 22
147 1
1
1 13
93
1
1
1
1
1
1
1 12
1
22
1
1
24
24
1
1 63
1
1
1
1
1
1
1
26 110 1
1
1
1
3 2
1
2
35 59
23
7 15 72 58
1
1
72 2 33 284
2 3
2
2
2
2
1
1
3
3
3
2
2
2
1
1
1
1 285
2
13
6 160 62
157 62
1
26 23 45
1
3
1
12
1
2
2
2
2
1
1
1
6
6
6
1
24
1
25 1 13
13
37
6
2
2
2 94 15
15
13 16 102
2
23
1
1
1
1
1
1 195
1
1
1
1
1
2
2
2
2
1
1
23
1
1
23
153 1
3
102
2
2
57 161
57
210
1
1
2
2
2
286
2
1
1
1 23
2
2
2
2
2
2
192 2
121
2
2
1
2
1
1
1
15
114
16
58 2
2 33
2
1 13
13 1 94 12
251 253 1 252
2 27
64 1
2 58 173
1 13 12 23
2
2
1
1
1
3
2
1
6
1
1
1
51
1
37 14
1
1
24
1 15
15
24
1
23 1
23
1
14
1
1
1 23
1
1 45
59
43 1
1
13 21
1
1
1
2
1
2
2
2
1 2 287
6
24
1
1
1 23 63
1
3
3
3
1
2
1
1
1 41
1 277 47 64
1
288
1
50
1
210
1 28
13 23 1 70
1
1
1
1
1
1
1
1 28
1
1
24
24 124
24
24
1 41
1 192
110 1
1
1
1
1 12
124 24
45
227
1 41
1
1
114
15 2 3 94 79 72 185 129
1 23
2
15
1
1
1
1
1
1
1
22
114
16
23
1
1 7
1
2
1
21 23
3 2
1
1
2
1
1
1
1
23
13 23
1
1 124
1
1
1
1
13
55 102 121
48
1
25 12
1
1
1
1
289 25 1
1
1
1
1
1
102 15
1
1 23
13
44
99
45
23
1
2
2
1
2
1
23
51 6
6
6
6
1
1
1
1
13 132 133
1 23
1
24
1
6
24 6 124
87 290 122 124 62
3 2
2
1
70
190
13
117
70
117
1
58 1
1
1 94 291
24
2
1
1
15
15
59
35 110
1
1
1
1
1
1
1 12 124
124 24
24
24
2
2
211
211 292
227
1
24
2
24
24
1
13
13 1
1
1 23
2
1
1
108 1 293
1
1
2
1 23
1
24
1 23
2
1
14
25
1 132
1 28 294 295 296
219 171 124 88 297 46 173
2 15 11 10 7
1
15
3
1
1
1
1
1
1 12
28
28
1
1 74
1
2
16
1
1
1 23
45
1
1
1 23
1 13 20 203
1
1
1
1 23
1 23
46 298 1
13
1
1
1
1
1
13
1
1
1
1
2
2
2
70
1
49
1
1
14
1
51
1
6
1
1
1
1
1
1
1
1
1
1
1
1
1
1
1
1
1
1
1
1
1
1
1
1
1
2
24
24
24
1 24
299 2 300
2
1
1
1
1
15
1
1
1 23
2
23
2
2
2
2
2
2
2
2
2
2
117 149 301 92
1
23 51
1
1
1
1
1
1
1
23
2
1
1
55 2
302
79 2
1
130 1
1
1
1
1
1
1
1
1
1
1
1
1
1
1
1
3
3
3
3
2
2
1
2
1
271 1
1 12
1
1
1
1
190
2
1
100
23
48
1
1
24 55
224 15 7
2
2
1
67 184
35 303
1
109 26 1
1
1
23
1
11
2
6
93
1
44
2
2
24
1
174 1
1 23
2 8 7
2
1
16 1
2
2
1
24
24
24 124
1 13
23 1
51
21 304 7
1 13
124 6 62
124 62
62
1
2
1
1
1
21 1
11
1
10 11
1
78 72
1
124 1
2
1
1
2
102
1
6
1
127 45
71
1
1
1
1
1
24
24
1
23
1
23 1 28
3
2
24
23 140
1
1
1
3 2
2
3
2 3
1
1
1
1
2
2
2
2
2
2
2
2
2
1
2
1 210 13
1
2
2
2
87 2
2
2
1
70
1
45
1
2
1
1
1
1
1
1
1
23
1
1
1
305 1
2
2
1
1
1
2
1
1 28 59
59
28
1
2
124 6
124 61 286
1 124
1
1
23 1
1
1
2
6
102
1
6
114
1
1
1
1
1
1
1
1
1
1
1
1
1
1
1
1
1
1
1
72 1
1
1
72 1
1 72
1
1
1
1
1
1
1
14 57 288
2
15 2
15
23
1
1 28
39 1 28
1
2
1
1
117
117
117
117
117
117
117
117
117
117
117
117
117
117
1
1
256 1 145 43 211 59 48
3 102
12
1
6 272
1
1
1
1 23
1
5 4
2
2
2
1
1
1
1
1
3
3
3
13
23
1
1
1
1
84
84
64 1 70
23 1 2
1
169
1
1 70
1
153 13
55 1 23
1
1
2
1
1
1
1
1
1
1
10 37
15
2
169
169
1
2
192 2 1
1
2
6
6
102
93 102
102 2 72
1
1
2
13
1
23
1
2
1
4
1
28
70
1
1
1
51 50
1
1
1
1
23 1 57
57
1
1
1
1
1
1
23
281
14
2
1
1
55 93
1
1
1
1
1
1 58
1 58 46
1 46 58
24 10
1
1
286
15
15
15
2
15
1
59
24
24
4
1
1
108 261 51
1
2
25
16
1
2
23
1
1
39 1
1
1 23
1
16
1
51
1
306 1 307 308
1 20
309 1 226
133 1
1
1
1 70 12
1 310
1
1
23 311 312
1
1
1
1 208 75 313
1 75 7 163 196 208 314
208 1
93
159
35
1
1
1
59
35
1 59
1
1
1
1
69
1
1
1
1
1
1
1
2
2
1
1
1
1
1
1 12
1
1
1 12
1
206 315 1
12 1
1 12 21
2
1
1
1
1
1
1
1
1
1
2
2
2
1 13
22
22
23
35
1
2 33
1 90
24
24
15 2
2
1
1
1
1
1
1
1
1
2
181 1
23
1
1
1
1
1
79 2 94 15 102
256
1
23
2
2
2
2
1
1
2 3
87 51
51 174
1
1 45 83
35
1
72 1
1 56
1
15
2
2
60 13
2
2
2
2
1
1
1
1
264 277 1 70 78
1 13 7
1
1
1
1
2
3
6
102
2
2
2
2
2
125 2
2 3
2
3 316 2
2 21
2
2
2
2
1
2
2
1
1
1
1 13
1 7
25
1
1
3
3
1
2
15
1
1
1
72 15
283
1
1
1
1
1
23
210 211
210 63
210
292
292
292
210 292
210
210
93
93 37
121
93 211
102 211 64 14
63 37 210 317
211
6 24 65
65 124
6 318
65 6 124
6
6
6
16 6
65 318
16 6 318 124
6
6
6 124
124 24
6
93 157
6
6
24
210
6
102 93
24
1
1
1
1
1
1
70 317
70 1
1 70
1
1
70 1
1
1
1
70
210
70 1
1
70
1
28
28
1
1
1
1
2
1
1
3
3
1
3
3
3 2
3
37
2
2
1
2 319
15
37
69 159
43 1
1
6
6
6 124
1
1
1
1
281
2
1
1
1
1
1
1
37
1
23 1
1
23 1
1 13
1
23
23
169 78 51
100
1
1
2
1
1
1
1
1
1
1
1
6
2
2
2
2
2
2
2
23 1
23
1 94 2
1
2
1
1
2 1
1
23
1 7 10
24
24
16 24
6
6
11
24
1
1
24
24
320 321
1
190
1
72 227
1
51
1
19 18 66
4 19
19
4
4
1 28
1 2
2
2
1
1
1
23
1
83
2
2
1
1
15
1
1
2
51
153 1
15 102
2
15
1
1 41
1 23
23
1 322 132 263 133
323 324 1 256
256
256
127 3
1 23 64
13
23
1
1
2
1
325 1
83
153 1
1
23
1 12
1
1
1 23
1
1
13
1
1
1
1
20 326 274 1
1
1
1
1
325 1
1
1
1
1 20 327 328 329
1
1
2
1
2
2
2
2
1 83 58
1 23
1
23 1
16
16
1
1
1
19
57
57
6 124
2
2
2
13
69
69
22
1
51
51
51
51
51
51
51
51
51
51
51
51
51
49
51
49
51
51
51
51
51
51
51
12
2
2
169
13
1
23 21
1
44
1
127 2 33 284 232
127 79 72 46 173 2
2
2
2
153 13 2
2
2
1
1
1
2
2
1
48
1
1
1
1 55
2
13
2
1
28
70
1
13
1
2
2
169
1
23
50
37
2
1 12
330 51
13
2
1
1
1
12
1
13 1
1
1
70 1
124 1
1
23
1 13 45 194 195
195 45 1
1
2
2
2
3 2
2
79 33 2
1
2
2
4
6
6
6
1
51
1
1 13
1
2
2
2
2
13
1
1
1
28
1
1
23
1
1
1
1
1
1
24
24
24
6 213
331 13
2
1 13
1
1
6
174 1
23
1 22
1
1 13
1
3
1
1
1
1
1
1 2
1
1
2
1
256
3
3
1
1
1
2
59
1
59
185 33 2
1
1
13 7
1
1
1
1
206 1 332
1
1
124 2
2
13
1
1
1
1
12 1
1
1
1 23
15
15
15
1
1
1
1
1
1
1 13
1
1
1
1 59
1 211
1
1
1
1 12
1
1
34 333 57 334 22
2
1
1
1
72 46 1
1 46
1
1
1
2
22
22
1 76
1 21
1
23 335
1
1
1
1
1
1
1
51
24
24
2
1
2
23 1
1
13
1
268 1
25
2 94 3
72 2
2
196 2
2
2
2
3
1
1
210
2
2
2
59
2
2
2
2
1
1 28
1
1
1
1
1
1 173
1
1
185 1
1
1
24
1
1
1
1
1
1
1
1
1
10 7 1
84
1
1
1
1
1
1
2
3 114
2
2
1
1
1
1
23
1
1
1
1
1
51
2 185
117 302 169 47 78
1
1
1
1
23
1
1
28
28
1
1
51 1
1
1
1
1
59
59
59
2
2
2
13 133 132 214 336
1
1
1
1
1
1
1
1
1
1
1
1
14
14
1
23
1
1
1
1
256
283
1 256 283
2
2
1
1
13
1 337
1
55 1
190
190
190 55
1 23
1 23 70
1 41 21 271
1
1
1
1
1
1
83
1
28
23
1
1
1
2
2
2
2
2
2
2
2
2
2
2
2
2
2
2
2
2
2
2
2
2
2
2
2
1 25 23
35
59
72 1
1 16 79
23
1
1
1
1
1
1
2
1
1
1
121 147
1 338
1
1
58 1
41 1
1
1
1
1 23
1
1
13
2
2
1
1
