1
1
1
1
2
1
1
1
1
1
1
3
3
4
2
3
3
3
3
1
1
1
1
1
1
1
5 6
7 5
8
1
1
1
1
1 9
3
1
1
1
10
1
1
1
1
1
1
3
3
1 7
1
1
1
1
1 11
1
1
1
1
1 12
1
1
13
1
1
1
1
1
14 15
3
5
3
3
1
1
1
1
1
1
3
1
1
16
16
16
1 11
1
1
1
1
1
13
3 17
1
1
1
1
1
1
1
1
3
3
1
1
1 18
18
18
1
1
1
19
1 19
1 20
19
21 22
1
3
3
1
3
17
17
2
23
23 24
1
23
23
17
1
25
26
3
3
5
27
1
3
28
1
1
27 29
1
1
1
1
1
5
1
1
1
30 1
1
1
31 32
32
33 28
34
3
1
1
1
1
1
1
1
1
4
1
1
1
1
1
1
17
3
3
3
3
3
3
19
1
1
23
1
1
3
3
3
3
3
17
3
1 35
1
1
1
1
1
1
14
1
3
3
1
1
1
1
8
1 36
1
1
1
1
1
1
3
3
3
37
3
3
1
1
3
24
35
18
18
1
1
1
1
1
1
1
1
1 38
1
1
1
1
3
3
1
16
16
1 38
1
1
37 39
1
1
1
1
1
1
14
1
1
1 29
1
1
1
1 38
1
3
1
3
1
1
1
1
1
3
1
1
1
1
3
3
3
17
40
5
1
1
1
1
1
3
16
16
1
1
1
1
1
5
1
3
5
8
41
1
1
8
3
3
3
3
3
1
1
1
42
42
3
14 3
1
1
10
1 38
1
1
1
1
1
1
1
25
3
1 5
8
8
1 11
1
1
1
1
1
1
1
17
43
1
24
1
18
1
1
1
1
1
44
1
3
3
1
1
1
5
5
3
1 5
1 45 46 47 48 30
1
1
49 13 30 48 50
3
3
17
1
11
1
1
1
1
1
37
1
1
1
1
1
1
1
1
1
1
4
4
1
1
17
1
1
5
5
18
1
1
1
1
1
1
1
1
13
27
1
1
3
1
1
1
1
3
3
3
3
3
3
1
1
1
33
13
29 51
52
52
52
1
1
1
1
1
1
3
3
1
3
53 19
53
1
1
1
1
1
17
1
1
1
17
10
10
1
1 12
52 24
24
1
54 55 56 8
1
8
1
3
57
52
1
14
3
3
1
1
8
8
16
37 18
8
17
17
17
17
8
1
1
1
1
1
1
1
1
1
5
32
19
27
1
1
11
1
1
1
1
1
1
16
16
19
1
1
1
3
1
1
13
5
1
31
58 31
3
1
12 1
1
12 1 59 60
1
17
1
1
1
1
3
1
1
24
1
1
16
1
1
1
1
1
3
61 1
61 1
1 62 61
1 11
1
1
1
1
3
3
1
3
3
1
8
8
1
1
1
1
1
3
5
1
1
1
1
38
1
1
63 1
27
64 5
1
27
1
1
1
3
3
1
3
3
3
3
5
17
3
41
1
1
3
1
1
4
1
1 38
1
1
1
1
1
3
42
65
27
27 66
17 27
17
27
1
1
3
2
2 4
4
1
1
18
1
23 27
23 24
24 27
27
27 15 67
27
27
24
27 68 69
1
3
14
1
1
1
1
1
1
1
1
14
3
3
1
1
1
5 1
1
1
1
1
1
5
1
1 3
3
3
3
5
1
1
1
1
17
1
1
3
3
17
17
42
27
1
27
27
4
1
16
1
34
5
5
3
1
1
1
1
4
18
1 5
70
19
1
1
1
1
42
1
65
31
1
1
1
1
1
1
3
1
1
1
1
5
1
1
1
52
18
3
1
71
1
1
1
1
1
1
1
72
72
27
17
3
1
3
17
1
31 73
1
1
3
1
1
1
1
1
1
1
1
1
1
1
1
3
29 1
1
1
3
1
3
3
3
1
4
4
2
3
4
4
1
1
11
1
5
52
1
1
1
1
1
2
3
1 44
1
1
1
74
42
1
1
3
1
75
1
1
1
1
1
1
1
2
27
7 5
5
5
5
5
5
1 5
8
16
16
52
14
13
5
13
65 76
1
65
1
1
1
1
1
1
1
1
1
14
1 5
1
1
1
3
1
1
22
1
1
1
1
1
8
8
1
1
42
77
1
1
1
78 1
22
3
3
1
79
1
1
1
5
1
1
1
16
1
1
1
1
1
1 5
3
1
1
1
3
17
17
30 1 63
1
1
80
72
65
1 5 38
2
3
1
1
1
1
17
41
1
1
1
1
53 19 81
4
4
4
4
1
1
3
28
82
3
1
1
1
1
1
3
3
1 5
3
83 1
1
1
1
3
1
1
1
1
3
1
1
1
65
1
3
1
1
1
1
1
1
1
1
2
4
27 14 24
1
1
1
1 38
3
3
1
5
31 32 33
84 85
86 7
1
3
3
1
1
3
52
3
1
1
1
1
1
3
3
3
1
1
1
1
3
3
3
1
1
1
1
1
1
3 17
3
17
1
1
1
1 5
1
1
1
44
33
38 1
1
1
5
1 29
1
1
19
19
3
1
3
1
1
1
1
3
1
3
1
1
1
1
1
1
3
1 87 88 39
1
1
3
1
1
89 1
2
1 30
1
1
1
1
90
90
90
90
90
90
90
90
90
90
74
1 35
86
91 27
52 91
15
15
15
32 31 92 28 33
1 5 13
3
1
1
3
1
8
8
1
1
1
1 35
35
1
1
1
18
3
81
5
93 94 76
1
12 1 95
3 17
3
3
3
3
56 8
3
1
1
1
1
1
1
1
1
51
42
1
3
1
75
1
1
1
1
1
1
3
1
1
22 77
3 96 97 98
27
29 27
27 99
3 27
12 100 1
1
27
15 3
3
3 27
27
1
8
13 1 5
1
5
1
1
1
1
1
1
1
3
1
1
1
1
1
1
1
1
1
2
18
81
3
1
1
1
11
1 5
17
35
1
14 42
1
4
4
1
1
1
1
17
13
13
5
5
1
1
1
1
13
1
3
3
3
1
1 5
8
3
1
1
2
3
19
52
81
17
3
3
1
14
3
3
3
1
27
1
1
3
8
3
3
3
3
1
3
1
1
13
3
101 102 103 3
3
3
3
3
3
3
3
1
3
3
1 5
5
1
1
1
1
1
1
1
1
3
1
1
19
1
104
1
35
1
1
1
13 105 1 12 106
1
27
3
1
1
1
1
1
1
37
87 37
14
4
87 18
18
1
1
3
3
1
17 3
27
14
1
1
22
1
8
33
33
94 65
1
1
8
3
1
3
3
3
3
3
107
1 38
1
1
1
1
1
3
3
13
107 5 75 1 71 38 16 8
1
3
3
3
3
1
3
1
86
1
4
4
1
90
90
5
5
5 1
5
5
1
3
3
1
1
1
5
4
2 4
1 13
17
107
52
14
78
1
29 108 3
109 42 56
8 62 110 111
3
42
1
3
32
33
33
3
1
1
5
1
1
18
1
1
16
81
81
1
1
1 11
1
1
1
1
1 35
3
1
1
1
12 1
1
5
1
1
71
16
3
44
33
8 56
8 56
8
56 8
3
3
3
1
3
1 5
1
1
5
2
17
3
1 35
1
16
16
16
37
72
1
1
1
33
10
17
17
17
24
1
1
1
34
34
1
1
1
1
1
1
1
1
1
1
1
5
1
3
31
1
5
1
5
1
2
2
2
35
27
27
33 28
86
86
112
1
75
1
1
11
1
1
1
3
3
1 35
1
1
1
1 71 11 35
1 5
1
1
1
1
1
4
4
1
1
42
5
1
3
1
18
3
1
1
1
1 44
1
1
1
1
1
1
1
1
1
1
1
1
1
1
1
1
3
1
1
1
1
1
4
1
1
18
1
18
31
31
3
1
11 1
1
1
1
1
1
38
1
56 1
1
1
1
1
1
1
1
18
1
1
113 1 13
1
1
1
1
1
3
3
3
3
3
1
1
1
2
2
1
17
17 3
81
81
81
1
1
1
1
1
1
1
24
24
27
1 5 11
1
1
1
1
84
80
84
104
84
114
1 7 5
5 1
31
1
1
1
1
1
1
1 5
5
1 83
1
1
80
80 115 1
80
1
1 11
1
3
24 116 108 29 117
95 52 24
1
27
51 24 27
3
22
3
3
3
1
1
3
1
1
27
14
1
38
1
1
52
118
118
52
52
52
52
118
52
3
3
3
1
1
11
1 5
1
44
13
1
1
1
1
1
1
1
1
1
1
52
52
1
1
52 119
8
8
1
1
1
1
1
1
3
1
14
1
1
1
5
1
1
1
1
120
120
120
120
120
120
1
1
1
4
3
1
3
1
1
121 29 27
1 12
3
3
37
1
3 12
3
1
1
1
1
1
42
42
1
5
4
2
4
2
3
3
1
1
11
3
1
29 1
1
1
1
4
122 41
35
1
37 22 82
8
123 5
1
3
3
42
1
1
1
1
1
1
1
1
1
1
1
1
3
3 124
1
1
1
1
1
1
5
1
18
8
8
8
8
16
3 125
3
1
1
5
8
5
3
1
1
1
3
3
3
1
1
18 126
1
103 51
23 17 27
51
1
3
3
1 5
1
1 108 127
105
46
128
1
1
27 17 3
3
3
3
19
19
16
16
3
3
3
1 12
1
1
14
27
3
17
17
17
17
1
3
17
1
16
16
16
16
17
17
17
3
17
1
1
129
1
3
3
1
38 1
4
2 4
4
1
3 27 14
1 38
1 5
7
1
1
1
1
1
1
1
1
1
1
1
1
1
1
1
1
1
1
1
1
13
13
1
84
1
1
1
1
1
1
1
3
3
3
3
3
1
1
1
1
1
1
1
1
1
1
1
1
72
41
18
1
1
1
14
1
1
1
1
1
3
3
14
14
1
5
1
3
1
3
17
5
22
22
1
1
1
1
41
1
1
1
1
61 1
1
1
1
1
18
1
1 46 63
18 29
1
3
3
1
3
3
13
1 121
1
100 130 1
1
1
1
1
1
1
1
1
5
35
1
1
1
1
51 94
1
1
1
3
17
30 37
42
42
42
34 131
85
1
5 1
42
7
16
16
132 27
3
14
14 17
15
1
1
1
1
5
1
1
3
25
25
25
25
25
1
72
72
72
1 18
3
2
3
17
1
1
1 5
1
1
3
133 1
1
37
1
1
1
1
5
1
3
3
3
3
3
1
1
3
1 5
1
52
52
52
52
18
37
72
22
3
1
1
1
44
1
11
11
11
11
17
19
19
19
19
1 95
1
1
1
3
37
27
3
8
13
1
1
1
1
16
16
1
1
1
1
1
1
1
1
1
1
1
1
1
1
1
1
1
1
1
1
65
1
3
27
1
1
1
11
1
1
1
1
1
1
1
1
1
15 14
27
1
1
1
1
1
1
1
1
1
1
1
35
17
1
1
1
27
4
8
4
8
1
1
3
3
1
10 17
1
1
1
1
1 134
1 134
1
3
1
1
42
42
1
120
5 63
19
1
4
4
4
4
4
17
41
41
81
15
1
1
1
1
1
2
2
2
3
1
27
5
5 12
1
1
3
3
8
1
2
4
1
13
42
42
135
135
135
1
1
1
27
42
3
1
1 136
1
38 64 1
16
1
1
1
1
1
24
24
24
1
27
27
1
38
1
1
1
1
17
1
13
1
1
1 128 137 33
33
33
3
17
17
2
1
13 1 138
1
1
1
1
1
1
1
27
139 12 1
1
1
1
1
3 14
3
72 29
1
18
135
3
1
17
3
1
3
41
3
3
1
13
3
3
1 22
1
5
17
1
1
3
1
1 9
3
1
1
1
3
3
3
1
2
1
5 1
85 1
3
3
3
3
3
3
3
3
3
3
3
3
3
3
3
3
3
3
3
3
3
3
3
3
1
3 17
140
140
3
1
1
2
1
11
11
1
1
1
1
2
1
1
3
1
3
3
1
1
1
1 13
1
3
27
1
4
5
3
19
14 27
14 17
131
3
3
3
3
15 27
3
3
27
3
3
3
1
3
7
1
1
1
1
3
3
3
3
95 1
1
1
1
1
141 1 7
1
65
65
1
1
1
1
1
1
1
1
1
1
1
1
1
14 27 23
1
3
3
19
133 19 142
1
1
1
32
3
7
28 33
31
31
31
1
3
17 3
19
1
1
143 3
1
1
1
1
27 29
4
4
1
1
5
1
1
1
1
1
1
1
5
1
1
1
3
1
1
3
17
3
17
1
27
19
19
19
81
27
1
1
3
3
3
3
3
3
3
3
1
11
3
1
1
3
1
3
3
3
1
1
1
5
1
5
1
144
144 43
35 13
11 1
11
11
1
1
11
1
14
1
7 63
27
18
1
80
80 86
80
1
80
1
80
80
1
80
1
13 145
1
38
3
1
1
1
14
1
1
1
1
1
1
1
1
1
1
16
1 11
1
71
3
3
3
1
1
14
27 23
1
1
1
3
27
3
3
1
1 5
1
17
52
1
17
8
12 100 1
1
42
3
3
3
1
1
1
1
1
17
3
3
1
1
1
7 1
1
1
1
1
1 146
1
1
35
1 13
3
46 1
27
76 94 65
81
81
81
3
1
1
1
1
1
1
3
3
123
1
1
1
14
11 1 147
25
3
1 5
1
5 1
1
4
1
1
35
3
3
3
3
3
1
1
1
17
1
3
27
1
1
13 148
3
1
1
1
1
5 1
5
1
1
5
46 1
42
1
1
1
1
81
1
52
77
11
3
14 27 3
1
1
123
123 56
123
131 147
131
123 56
72
1
14 23
1
1
13
1
1
1
1 5
8
1
17
22
1
1
1
1
1
1
1
1
1
3
1
1
1
1
1
13
2
2
65
82
1
1
1
1
1
1
3
3
72
1 11
1
1
1
1
1
1
1
3
1
1
13 35
1
23 27
1
12 1 149
1 5
1
17
3
1 100
1
14
1
1
5 1
81
2
2
2
3
1
1
8
13
41
3
1
3
17
65
1
1
1
1
3
3
2
1
1
1
1
1
1
1
1
1
3
1
1
22
1
27
25
25
128
1
1
1
1
4
11
1 150
1
1 5
46 1
28
1 38
3
3
3
3
3
3
17 29
1
1
17
1
19
1
1
1
1
44
3
3
1
1
1
1
1
1
3
17
3
3
4
37
27
1
12 130 1
1
5
1
1
1
1
1
81
1
1
27
1 29
43
22 43
81
81 151
81
3
3
17
1
1
1
1
3
3
1
1 152 136
18
3
1
1
1
1
153
1
1
1
1
3
3
13 1
1 46
154 13 49
69 13
1
3
1
18
27
27
17
1
3
3
3
8
1
1
1
1
1
1
1
123
35
8
123
123
123
123
2
8
107 155 156
1
3
1
112
1
1
1
1
1
81
1
1
1
1
81
3
1
3
52
1
1
5
3
14
1 63
1
1
1
5
1
14
153
153
1
1
1
1
1
1
1
1
1
1
1
1
1
38
1
1
1
38
1
1
1
5
1
1
5 1
1
1
5
25
1
1
1
3
1
3
4
4
4
4
4
4
1
1
1
15 17
2
2 4
4
27
1
1
1
1
1
77
1
5
3
1
35
1
1
1
1
86
86
1
1
3
1
1
1
1
5
1
1
1
1
1
1 38
1
1
1
1
1
1 88
1
1
1
1
23 14 24 27
1
5 1 11 157
3
3
19
3
85 80 28
5
1
27 14
52
42
1
1
120
120 52
120 158
120
24
1
1 5
1
1
1
1
1
1
1
52 1
1
1
1
3
1
3
27
27
25
42
1
8
1
2
2
1
1
14
84
84
5
84 33
1 84
1
84
84
84
27
3
1
1
1
1
1
1
1
1
35
27
27
27
1
8
1
1
1
39 159 18
1
1
1
1
1
1
1
3
3
3
23
3
3
11 160 46 161
11 162 163 164 165
166 123 56 159
123 167
1
1
18
1
12 5
17
81
17
17
17
3
3
3
1
35
3
65
65
65
65
25
1
1
1
1
1
1 100
1 35
12 1
1 100
12 1 35
1 35
1 12 73
1
1
1
129
1
1
1
1 12
1
1
1
1
1
1
3
1
13 1
1
1
1
1
1
1
3
1
1
77
1
1
52
27
3
168 169 170 171 13
5 172
1
5
72
3
1
173
140
173
1
1
1
1
1
3
1
3
29 1
1
1
27
1
1
1
1
1
1
17
1
1
3
41
1
1
1
1
1
1
38
19
1
1
86
3
3
3
1
1
1
1 174
7 1
7
5
1
11
7
11
38
38
38 175
1
1
38
1
3
3
3
17 27
3
13 35 73
1
1
1
1
1
1
1
1 35
1
1
3
3
3
3
3 24
24
1
1
19
1 38
1
1
1
3
3
1
3
3
1
1
3
3
18 37
3
3
1
1
1
11
1
11
8
1
8
8
1
1
1
17
1
3
3
3
1
1
1
1
1
1
1
1
176 1
1 45
3 27 14
1
1
1
1
1
1
1
1
1
2
1
1
5
1
1
1
1
41
1
17
17
17
17
1
17
17
17
17
17
17
42
1
1
1
3
3
3
3
177 1
1
72
1 5
14
1
5
27
71 1
3
3
1
3
3
3
3
3
3
3
3 1
1
1
1
1
1
1
1
14
13
13
3
3
1
3
13
13
11
11
1
1
1
1
1
1
1
3
1
69 1
1
1 69 83
1 12
1
1
1
1
1
1
1
3
16
1
3
1
1
3
3
3
3
1 11
3
1
1
1
1
1
1
3
3
1
1
1
1
1
1
1 105 151 29 178
1
1
7 1
1
1
18
18
18
1
1
1
1
1
13
1
1
1
1
13
1
3
52
4
4
19
1
153
1
1
1
116
27
1
1
1 5
8
72
1
133 1
1 5
3
1
65
65
52
52
1
1
13 1 38
39 37 18
1
1 63
104
20
1
1
25
25
1
1
84
27
27
27
1
1
1 5
1
8
8
8
8
35
65
6
81
81
52
1 30
1
1
1
1
1
1
1
1
1
1
1
1
1
1
1
1
1
1
1
1
1
1
1
1
1
1
1
1
1
1
17
3
1
1
1
1
1
5
1 5
3
18
1
1
1
52
1
1
1
1
1
1
1
3
5
1
1
1
1
3
1
1
1
17
1
1
1
179 5
5 1
1
3
3
3
1
1
1
1
1
1
1
1
1
1
1
1
1
1
1
13
5
3
128
27
1
5 180
5 1 46
27
3 17
3
1 29
1
22 1
75
1
27
1
1
1
1
1
17 3
42
42
42
42
42
42
17
17
17
1
1
28
1
1
1
1
1
1
1
1
1
1
1
1
1
31 32 80 84 85
1
1
1
1
1
1
1
1
14
1
1
1
1
71
1
1
1
1
41
8
181 45 1
1
3
2
1
35 1
1
17 23 3
3
3
17
1
3
3
1
1
35
1
1
1
1
1
1
17
1
1
56 8
1
1
1
3
3
13 182 183 184 185
3
3
3
1
1
52
1
1
53
13
1
1
1
1
1
3
72
1
3
27
27
27
27
27
27
27
27
77 186 187
17
3
3
100 1
1
2
1
17
5
41
14
14
5
41
41
41
1
13
1
35 1
81
1
16
16
3
1
1
1
1
1
1
1
1
1
1
1
44
1
1
1
42
42
1 13
11
1
1
29 147
3
3
1
1
15 27
41 1 71
1
5
5
3
3
3
1
1
1
5
1
3
1
1
1
1
1
1
65
188 1 133 29
189 1
81
3
3
1
1
1
65
17
1
1 5
1
1 35
1
17 3
1
5
1
1
1
3
1
1
4
4
2
116
1
1
13
3
3
3
1
3
1
1
1
1 11
13 69 190 191 192 170 193 168 194 195 68
3
17
1
1
1
3
3
8
28
32
1
52
1
1
5 1
1
35 1
8
17
8
1
17
1
1
1
1
1
1
3
1
7
3
3
3
1
1
1
1
33
1
1
1
3
1
17
31
1
1
18
1
1
18
1
1
3
1
1
1
1
1
1
42
42
12 73 1
1 29
1
1
1
5
1
15
3
100 12 41
41
1
1
1
3
1 5
1
1
1
1
1
1
42
3
3 27
14
52
1
1
3
3
1
1
23
1
1
65
3
1
1
112
112
73 1
1
1
1
1
1
1
1 121
1
3
27
1
17
72
1
1
27
27
29 24
24
1
1
1 35
1
5
32
1
1
1
2
3
1
1
1
1
1
3
1
1
1
1
1
1
1
1
1
1
1
58
35
3
11
81
31
1
4
4
18
14 29
81
81
1
1
17
3
1
1
1
1
1
1
5 196
1
1
1
1
1
18
1
8
32
1
18
3
13 197 198
1
16
1
1
1
3
3
3
1
1
1
1
1
5 1
1
1
1
1
1
1
1
3
3
3
3 17
17
81
1 3 13
1
3
1
1
1
1
1
1
1
28
72
1
1
1
1
3
74
1
1
1
1
1
3
3
1 7
1
1
1
1
1
1
1 12
76 65
1
1
1
1
3
1
1
3
1
1
1
1
14
27
1
1
1
1
3
1
199
3
3
3
3
3
3
1
3
17 3
3
3
3
3
3
17
3
3
3
29 1 12 106
1
1
1
3
1
1
1
1
17
1 13
1 11
1
1
1
3
27
4
1
65
1
1
27 23
13
1
1
1
1
1
1
11
1
3
3
5
11
1
41
41
1
1
1
1
1
1
1
1
1 136
1
24
1
1
1
1
1
1
2
2
1
3
3
1
1
1
8
4
1
29 3
1 200
1
1 64
82
82
8
1 11 7
100 201 202 12 139 203 1
1 46
17
5
44
11
1
1
1
1
1
1
19
81
1
8
1
41
1
35 1
35
1
1
1
1
1
1
1
22
22
22
22
22
22
22 1
22
13
22
1
1
1
1
1
1
1
1
1
1
1 35
1
1
1
1
22
22
22
22
22
22
6
1
140
4
1
1 5
22
38
38
1
1
1
1
1
1
1
1
7
3
1
1
23
17
3 17
13 204 205
3
1
3
1
1
52
3
1
1
1
1
1
1
19
3
1
1
1
1
1
1
1
19
81
81
81
81
81
81
19
15
27
81
1
1
3
1 5
1 161
1
131
72
14
1
22
14
14 206 52 56 8
52
1
1
1
3
3
1
3
1
3
17
1
32
31
32
1
32
28
32
1
32
32
28
31
31
32
13
1
3
3
3
1
42
1 11
1
37
11 1
1
1
27
52
1 130
1
1
1
1
17
1
13
1
1
1
24
5
3
1
1
207 1
1 121
1
1
1
1
1
1
1
13
1
1
1
3
1
1
17 3
1
3
1
1
208 1
1
13
1
107
1 7
1 38
29 23
1
20
20
8
16
8
1
1
1
1
1
1
1 181
131
131 1
1 131
131
131
25
41
1
3
3 1
3
3
3
3
3
3
41 1
1 209
14
1 35
32
1
3
1
5
39 18
210 1
1
31
5
8
1
3
1
1
11
1
194 1
1
27 29
1
3
18
1
1
5
1
1
1
1
1
1
1 11
52
52
14
1
1
1 133
1
1
1
1
1
1
4
1
1
3
3
3
3
3
3
1
3
1
1
1
1
1
3
2
1
1
1
1
1
1
1
1
3
3
3
1
1
1
1 41
1
1
1
1
1
1
1 176 211
176 1
1
1
5 212
1
1
1
1
1
1
23
1
1
1
3
1 7 5
1
4
4
4
4
4
4
17
3
3
1
1
3
1
37
18
3
3
4
38
1
3
3
3
1
1
19
3
1
5
1
5
5
13
3
18
18
1
1
17
1
213 1
3
1
1
1
35
35
1
12 16
3
1
100 1
1
1
1
1
1
1
1
13
1
1
1
1
4
3 17
3
52
37
52
1
1
1
3
214
77
13 215 216 217 157
1 35 38
3
3 27
3
1
18
1 5
27
3
1 38
31
31
38 1 31
28
1
1
1
1
1
1
3
170 1
1
37
1
1
3
1
1
1 35
206
1
1
3
1
1
1
1
1
1 13
1
81
12 3
3
3
3
3
3
1
1
3 17
3
1
1
1
1
1
1
1
1
1
1
1
14
65
1
1
1 38
14
1
1
1
1
1
11
1
1
1
1
1
8
1
1
27
18 37 45
1
1
1
1
1
1
1 71
1
1
1
1 218
1 218
1 218
1
1 218
1
1
1
1
57
84 85
1
19
219 27 220 1 176 83 3 29
1
3
14
3
3
3
3
5
4 2
4
1
22
22
1
5
5
1
3
1
1
8
8
8 221
3
3
3
3
1
1
107
13
5
1
1
1 5
1
1 38
1
4
1 29
1
1
1 56
1
1
17 3
1
1
1
22
8
1
1
222 37
1 13 104
5
1
153
223
1
1
16
1
14
1
1
1
52
52 224
1
11 1
3
5
11
25 65
25
14
1
1
81
17
17
17
3
3
3
3
3
1
5
16
1 5
1 5
5
1
3
3
1
1
17
1
1
3
1
8
7
81
65
3
3
1
1
27 225 94 23
27 23
27
52
1
1
1
1
1
1
1
75
75
1
3
3
1
1
1
3
1
3
1
1
1
2
4
3
1
1
1
1
1
1
108 3
3
1
24
24
23
1
1
3
1
1
1
3
3
3
15
3
3
8
1
1
5
1
1
1
3
3
3
3
3
3
3
3
1 5
5
1
2 63
26 72
81
18
1
1
17
42 5
17
17
1
1
1
1
6
1
35
1
3
1
1
27
1 11
7
1
1
10
10
10
20
1
1
71
1
3
3
72
1
1
17
3
131
37
1
1
1
1
3
1
1
1
1
19
16 8
81
3
3
81
3
1
1
1
1
1
1
1
3
1
1
1
1
3
1
1
1
1
1
1
1
1
3
3
1
1
1
3
85
86
1
1
1
3
226 3
1
1
1
1
3
3
13
3
3
81
3
3
3
1
1
1
1
27
27
1
1
1
1
27
1
17
17
1
1
1
1
163 1
1
1
1
1
1
32
1
3
17
1
1
1
1
1
1
5
1
1
1
1
1
1
1
1
3
1
18
1
107
107
19 52
1
17
17
42 56 110
8
3
3
17
18
1
1
1
3
3
1
3
3
1
17
11
3
3
3
3
3
3
3
3
17
3
3
17
17
3
3
56 3
3
3
1 13
1
3
3
3
3
3
3
3
27
3
3
3
3
3
3
3
17
3
3
3
3
3
3
3
3
3
1
3
3
3
3
3
3
3
1
13
1
1 13
3
1
1
3
1
1
3
3
1
1 11
1
1
1
1
227 228 46 1
1
14
1
1
3
3
1
1
1
1
1
229
229
2
1
77
77
3
1 123
1
1
1
8 199 1
8 199
1
1
1
1
1
13 1
1 5 7
1
1
1
1
1
1
1
1
13 1
1
1
1
1
1
1
11 1
11
35 1
1
1
1
1 11
1
1
1
1
1
1
1
1
1
1
1
1
1 8
1
11
1
1
1
1
1
1
1
1
1
1
1
1
1
11
1
35
1
1
1
1
1
1
1
230 44 1 231 232 105 29 233
1 234 235 236
1
134 1
1
1
15
1 5
1
1
11
3
3
1
1
1
1
1
18
1
5
1
81
1
1
1
1
52
1
1
3
1
1
1
3
27
1
87 1 58 29
27
3
147 131 28 32 104 5
3
3
3
1
1 46
5
29 1 46
1
3
1
1
3
8
8
8
1
1
1
1
1
1
42
42
1
1
18
3
3
28
153
5
1 5
5
1
3
3
3
8
8
8
8
1
1
1
1
1
1
1
81
1
1
1
1
1
3
1
1
1
1
27 121
1
27
19
19
23
1
1
1
1
237 1 83
1
19
19
1
1
1
1
1
1
1
32
1
1
1
1
1
1
3
3
1
14
14
27
15
238 1 136
1
1
3
3
3
1
1
1 12
1
1
15
1
1
1
1
1
8
8
1
1
1
3
3
3
1 5
1
3
81 29 239
1
5
1
17
1 13
3
42
1
1
1
42
17
3 17
1
1
3
3
17
17
3
3
3
3
1
41
41
41
41
80
1
1
19
1
1
1
3
3
200 1 63
240 1
1
11
11
11
1
3
5
1
1
3
123
1
52
3
27
3
27
27
1
1
1
19
1 35
1
52
38 241
1
1
1
17
17
1
1
123
42
13
1
1 38
5 1 103
242 1
1
3
3
3
3
3
3
13
1
1
1
1
8
81
1
3
1
1
1
1
71 1 5
1
41
1
1
5
1
1
1 243
3
1
1
1
52
1 5
1
41
1
1
3
51
51
1
1 12
3
1
1
1
1
1
1
1
1
1
3
5
1
1
3
1
1
1
1
1
1
107
3
1
1
1
1
1
3
1
3
17
17
17
4
4
27
15
17
17
17
1
1
3
18
18
1
1
5
3
1
1
1
1
1
1
1
1
1
17
1
65
1
35
1
1
1
1
5
1
1
1
17
1
17
1
1
3 105 17
24
14
147 131
1 46 227 244
1
17
140
71 1
25 94 76
75
1
1
1
1
1
1
1
1 5
1
1
1
1
3
3
1 245 133 106 29 246 46 225 247 76
2
1 8
3 1
18
1
33
1
3
3
1
1
1
1
1
3
3
17 3
3
4
3
1
3
17
3 17
17
1
11 133
1
1
1
1
1
1
1
17 3
1
1
1
1
17 194
1
3
3
3
1
3
27
1
1
1
3 27
16
8
1
5
65
1
1
1
1
1
15
11
8
1
133 1
20
3
3
1
1
24
24
3
53 74 206
11
1
1
38
1
17
1
3
52
27
14
1
131
42
18 30
1
37
1 5
1
1
1
27
27
27
27
27
79
38 1
42
1
1
1
1
1
1
3
52
11
1
1
41
72
10
5
1
37 126
17 3
4
2 4
3 105 248
1
5
5
5
5
1
1
1
1
1
1
29 51
1
54 1
1
1
3
1
123
1
1
1
35
1
1
1
1
1 11
1
1
42
1
1
1
1
3
123
1
1
1
1
1
1
1
1
1
1
3
1
1
1
1
1
1
13
1
1
1
1
1
13
1
3
1
1
1
1
249 5
3
1
3
1
1
1
