1
2
1
1
1
1
3
1
1
1
1
4 1
1
1
1
1
1
1
1
1
1
1
1
1
1
1 5
5 6
1
1
1
1 7 8 9 10 11 12
13 1 14
1
1
1
15
15 16
1
1
1 17
1
1
1
1
1
15
1
1
18
1 15
15
1
1
1
1
1
1
1 19
1
1
1
20
5 21
21
1
2
1
1
22 1 23
1
1
1
1
1
24 25
1
1 23
1
1
1
1
1
1
1
1
1
26 15
1
1
1
1
1
1 27 28
29
7 30 10 31 32
1 33
34
1
35
1
1
1
1
1
1
1
1
1
1
1
1
1
1
23 1
1
1
1
1
1
1
36 1
1
1
1
1
1
1 33
1
1
1
15
1
1 15
1
1
37 38 2 29 1 13 36 33
2 1
1
1
1
2
2
1
1 39 7
1
1
1
1
1
1
1
1
1
40 41 26 42 43 23 39 44 1 45 38
1
1
1
46
1
1
1
23 1
22 1
47 1 38
1
2
1 30
1
1
35
12 1
1
35
35 48 19 49
18 11
1
1
1
1
1
1 38
1
1
1
50
1
15 1
1
1
1
1
1
1
1
1
1
1
1
24
2
1
1
1
1
1
1
1
15
1
1
1
1
1
1
15
1
1
1
1 51
52
1
1
1
1
15
1
53 38
1
1
1
1
1
1
1
2
1
1
1
1
1
18
1 2
13 1
1
1
1 6
1
1
15
1
52
1 54 6
15
15 1
1
40 1
1
27 5 2
1
35
1
1
1
1
1
1
1
1
1
1
1
1
1
1
1
1
1
1
44 23 1
1
1
55 1
1
56
23 1
1
1
1
5 2
1
35
1
2
1
1
57 2
38 1
1
1
1
1
1
1 39
1
23 26 39 1
1
1
1
1
1
1
1
1
1
1
1
15
1
1
1
1
1
1
15
1
1
15
1 36
1
1
18
1
1
1
1 16 58
1
1
1 29 23 59 26 39
15
1
1
18
24
1
2
55
1 23
1
1
1
1
49 2
2
1
1
1
1
1
1
1
1
1
39 2 60
2 12
26 39 1
20
20
1
1
1
1
23 44 39 1
2
1
1
1
1
1
1
31 1 33
1
1
1
2
61
61
62
63 61
61
61
61
1
61
61
61
24 1
1
1 19
1
1
1
1
1
1
1
1
1
1
7 1
1
1
2
1 9
1
24 64
64 1
1
2 29 1
1 15 56
1 33
1 30 9
56
1
1
1
1
1
1
13 1
65 5
66
66 57 23
1
1
2
1
1
23 1
1
1
1 15 56
1
1
1
19 67 56 33 1
1
1
68 1
69 23 1
1
1 30
1
1
1
1
1
1
1
1
2
1
1
2 70
1
71
1
2
23 39 26 1
1
1
1
1
1
1
1
1
1
1
38 1
1
1
1
1
1
1
15
1
1
1
15
15
24
1
1
1
1
1
1
1
1
1
1
1
1 7
1
2
45
45
72
5
5
72
5
1
5
1
1 73
1
27
1
1
1
1
1
1
1
1
1
1
1
74 75 1
1
1
1 11
1
1
1
1
1
1 15
1
1
1
22 1
45 1 13
1
23 1
1
1
1
1
6 1
1
1
1
15
26 39 76 44 1
1
65 1
1
74 1
1 30
1
1
1
77
1
1
30 1
2
1
1 15 38
1
78
79 20 80
78
78
2
4 1
1
1
1
1
1
1
1
1
1
1
1
1
1
1 81
1
1
15
1
1
1
1
1
1
1
78
1
56
1
1
1
1
71
1
1
1
75
33
33
1
1
82
82
82
52
33 82
82
52 82
82
82
82
82
82
82
82
82
27
1
1 82 52
1
77 83
77 84 85
82
82
56
1
1 82 27
1 82
82 52 6
1
6
82 1
1
1
52 1 82
82
1
82
82
1 82 52 33
1 6 82
1
6 27 82
52
1 82
82
82
82
82 27
82
82
82
1
82
1
1
82
1
82
1
82
82
6
86
1
27 1
1
1
33
6
17 15
56
1
1
1 23
1
2
61
61
87
15
2
1
15
1
24
24
1 9
1
1
1
1
1 22 88
1
1
1 23
1
1
89 1
56
90 64 1
1
1
2
1
40 23 39 56 1
1
1
77
15
1 56
1 15
1
1
1
1
1
1
27
1
1 91
1
56
3 73
3
1
15
1
1
12 1
1
2
38 1
74
1
1
1
1 17 38
38 1 9
1
1
1
1
1
1
1
1
38 1
1
1
1 30 10 9 49
1
1
1 45 30 10
1
1 92
1
1
1
1
1
22 1
1
1
1 27
1
93
1
1
1 15
1
1
1
1
1
1 52
55
1
1
1
24 94
1
1
1
1
1
1
1
1
9 15
1
1 95
1
1
1
1 38
1
1
1
1
1
80 1
1
1
1
1
1
1
1
1
1
1
1
1
56
1
96
1
1 97
1
1
1
1
15
1 98
1 52 99 100 101
1 52
1
1
1
15
1
1 101 19 102
103 1
1 99
1
1
98 1
1
1
1
1
1
104 1
1
1
1
1
105
1
1
1
1
1
1
1
1
1
1
1
1
1
1
1
1
1 39 57 106 18 6
49 1
15
1
15 1
1
33 1
1
12 1
1
1 23
23 1 69
1
24 9
45
81 1
1
1 100
24
1
1
1
1
52
1
2
2
2
23 39 41 1
1
1 104 107
1 45 74
1
1
1
1
1
1
1
1
1
1
52
1
1
3 1
97
3
3
56
1
1
1
1
1
1
1
6
3
3
3
27
27 1
1
1
1
1
1
2
1
1
1 45
23 41 1
1 108 109
1
1
1
1
1
1
1
110
110
1
1
1
1
1
111
15
1
1
1 10
2
1
1 15
1
2
2
1
1
1
1
1
1
1
1
1
1
1
1
1
22 1
22 112 1
1 112
1 22
24
1 38
113
114
1
57
1
1
1
1
1
1
1
1
57
1
1
1
1
1
1
1
1
1
1
1
1
1 33 27
1
15
15 1
23 1
1
1
1
1
15
21
21
21
1
1
1
98 1 115
1
1
1
1
24
1
1
1
1
1
1
1 39
1
6
1 6
1
1
1
24
23 39 26 1
1 116
15
1
1
1
27 15
15
1
1
1
1
12 1
1
1
117
1
1 118
1 119 120 121
15 38
1
1
1 122
1
1
13 1
2 123 10
1
1
1
1
1
1
1
1
2
1
1
1
1
1
1
1
1
1
1 22
1
2
1
1 26 23
124 15 1 71 125 126
40 56
56 40
1 39
1
1
127 1
27 1
1
1
124
56
1
1
1
1
1
1
1
1
128 129 1 36
44 1
1
1
