1
2
2
2
2
3 4
5
2
6
2
7
8
2
2
2
6
9
6
2
2 10 11 12 13 14
2 15 16
6
17
3
18
8
19
5
5
5
2
2
2
2
2
8
2
2
8
8
6
2
2
6
19
12 2
2
2
2
2
20
20
2 8 21
8
8
2
22
22
23
22
24 25
25
2
26
6
6
25
6
27
27
19
2
2
2
2
28
29
29
30
30
2 8
2
2
2
3
22
6
26
2
2
2
2
8
31
2
2
2
2
2
2
2
23
9
32
32
33 34
2
19
25
25
32
32
32
32
32
32
25
32
25
25
25
32
25
2
2
2
3
2
35 2
2
2 36
8
37
31
38
2
2
2
2
29
2
28
39
4
1 2
40
3
34
6
41 42 43 44 8 2
45
46
46
26
26
47
2
2
1
48
15
15
25
2
49
2
2
5
6
2
17
8
15
15
2
2
4
3
2
50
2
8
2
2
2
2
2
2
40
5 40
40
2
51
2
52
2
53
28
54
54
6
2 55
19
56
56
56
57 56
2
56
56
2
58
30
30
30
2
2
2
31
2
3
3
3
3
3
3
3
2
59
2
1
2
53
2
2
2
2
2
19
3
29
32
32
2
2
2
2
12 8
5
2
58
60
2
59
26
2
51
6
3
52
61
2
62
2
25
25
2
2
2
8
25
8
8
63 2
2
64
64
65
64
66
67
67
66
68
2
2
2
2
2
2
5
2
2
8 55
6
2
26
64
64
64
2
2
62
58
5
17
19
19
19
8
19
19
2
2
5
19
5
19
2
6
58
15
22
69
29
2
8
40
5
8
27
30
19
35
24
2
2
68
39
70 2
2
25
2
7
71
58
2 8
28
28
2
8
7
2
2
72
54
54
2
2
23
2
2
2
2
2
22
28
2
28
19
19
59
59
59
73
19
19
2
8
8
8
8
2
2
17
17
2
28
28
28
28
28
74
2
5
72
39
2
8
6
8
2
2
28
6
2
2
9
2
2
2
26
26
2
25
25
3
48
2
40
73
46
2
8
3
3
58
58
58
75 2
40
76
2
8
37
15
6
2
2
2
2
2
56
25 56
26
26
19
19
19
53
19
19
3
5
5
5
2 1
23
23
23
3
23
59
5
5
2
5
5
2
40
6
17
6
59
60 77
2
2
2
2
2
20
2
2
2
32
32
78
78
78
78
3
64
6
6
8
2
2
2
40
25
40
40
40
40
40
40
40
40
40
40
40
40
40
40
40
40
40
40
40
40
40 5
40
40
2
2
2
8
2
2
2
2
6
6
6
2 9
2
15
15
8
2
2
6
79
7
2
2
15
80
47
2
6
2
2
2
2
2
62
2
2
40
6
32
19
19
8
2
81
40
40
25
2
28
2
8
32
78
8
82
2
50 2
8
2
6
83
83
8
6
5
2
2
59
1
2
2 84
2
85 30
30
30
6
2
56
19
2
86
86
8
5
26
3
2
2
19
2
8
2
1
1
2
2
2
2
2
2
2
2
2
8
2
2 6
2
2
2
6
78
78
78
38
6
3
3
4
2
2
8
25
22
22
3
6
2
17
2
2
2
15
2
6
6
6
6
2
81
81
5
56
2
87
2
3
15
2
2
88
59
23
56
2
2
2
6
72
2
32
32
72
6
1 89
6
2
2
5
6
19
19 2
26 40
40
2
2
2
2
2
40
40
2
5
6
2
2
5
2
8
6
2
2
1
2
19
6
56
3
56
56
22
3
60
2
5
5
5
2
2
2
83
22
72
48 51
20
90
31 38
76
30
22
2
91
92
48
2
26
5
27 53
3
40
40
27
8
5
5
40
1
8
6
2
2
2
19
19
19
19
19
8
8
22
57 93 94 95 25
90 96 31 80
2 8
2
6 3
50
6
6
88 97 82
6
53
64
98
18 26
30 22
32
32
8
2
2
6
5
5 40
2
2
40
40
64
64 83
64
64
2
2
27
27
27
5
19
22 74
7
99 100 101 102 6
102 6 10
8 103
103 60
6
2
5
5
2 104
62
2
6
2
2
68
68
68
68
105
53
25
5
2
40
2
2
2
2
2
8
40
2
2
2
68
68
2
2
2
40
40
2
6
6
22
22
22
26
88
2
6
3
3
6
2
2
6
8
106
62
62
2
3
2
28
2
3 6
22
2 6
2 6
5
56
56
56
56
9
2
8
26
26
2
2
2
2
2
2
5
2
2
2
2
2
2 22
2
2
2
2
6
2 107
5
5
78
28
6
6
2
2
2
2
2
17
2
2
2
2
2
2
2 14
2
32
2
3
60
5
23
5
5
2
8
2
19
2
2
5
38
22
38
38
30 88 81
2
38
88
38
88
30
38
19
56 81
38
34
83
83
83
15
2
2
2
22
19
6
6
58
2
6
15 108
7 15
7
2
3
72
54
2
2
5
5
5
19
38
38
51
6
2
47 38
53
53
15
2
2
2
109 2 110
10 31
25
111 25
25
2
2
2
6
2
5
29 32
32
30
48
4 72
2
27
27
2
19
46
30
6
6
6
40
5
3
2
2
2
2
2
112
4
2
5
38
2
2
32
32
6
6
2
40
2
2
2
2
8 113
98
1
78
78
26
26
32
2
56
56
2
2
56
56
2
6
26
26
26
2
2
5
40
2
2
2
8
2
50 2
2
2
2
50 2 4
19
19 82
2 1
2
2
2
2
2
2
2 9 96
25
2
2
2
2
2 4
2
40
40
40
25
2
2
2
2
2
2
25
2
19
25 22 40
40
25
25
25
25
2
57 25
72
40
40
25
25
25
25
19
2
48
6
6
26
68
2
40
5
2
5
5
6 29
29
2
6
32
2
114 3 115 116 117
92
92
2
15
40
26
38
38
2
2
2 6
19
19
40
4
118
25
6
2
78
78
78
47
2
2
86 58
86
86
8
6
28
60
2
2
2
2
2
2
37
2
2
2
2
119
26
26
2
19
19
19
19
5
5
19
5
5
59
59
81
2
35
2
90
17
3
3
120 3
121
71
22
23
40
122 26
2 123
2
32
32
46
2 35
5 88
6
23
2
2
48
19
19
56
68
68
6
2
2
6
6
6
29
29
25
8
8
26
29 26
29
29
29
8
2
19
2
2
2
2
2 113
40
40
2 124
40
40
2
2
8
2
2
2
2
2
28
32
40
40
2
40
2
2
2
6
60
2
6
2
2
60
6
6
6
5
5
5
5
58
2
40
58
2
2
5
19
19
32
32
32
5
37
27
106
37
37
68
39
35
2 125
6
2
3
3 126
6
2
2
8
8
19
2
19
2
2
14 2
2
2
3
6
3 6
3
6
2
1
3
26
26
2
2
40
40
19
19
19
2
4
2
2
2
2
5
59
127 59 25 128
17
72
40 26
51
25
39
3
2
28
29
2
46
27
2
2
2
71
2
6
4
4
57 8
56
2
15
2
76
76
76
2
6
6
39
2
71
40
40
78
40
40
5
5
2 1 9 129
2
2
2
2
6
6
2
2
3
19
71
71
6
2
2
2
2
19
56
22
8 4
47
2
39
40
40
6 9 2 5
2
5
2
8 2
2
58
2
2
2
6
22
22
90
2
22
90
2
90
15
5
28 88
28
28
32
73
73
46
61
59
59
26
38
38
38
2
2
46
46
130 6
5
5
5
15
15
22
22
22
37
37
5
92
92
8
48
2
3
25
19
19
22
22
6
19
19
2
8 2
8
32
119
119
2
2
8
6
25
25
46
40
46
2
2
131 2
19
8
8
8
8
19
2
19
32
3 132 133 134
25
76
78
78
2
2
27
5
3
2
8
9
