1 2 3
1
1 4
1
5
1 6 7
1
1 6 8 9 10 11
1
1
1
12
1
1
1
13 8 14 10 4
1 15 16 17
16 18
19
20 18
1
8 10 9 1
21
20
1
1
1
1
1 22
1
1
23
1
1
1
1
24 1
25 24
8 1 26 23 27 28 29 30 31 32 33 7
1
8 34 35 1
1
1
21 3 2 1 8
1
1
1
36 37 12 38
39
1
1
1
1
1
1
1
1
1
1 13
1
1
1
1
1
1
1
1
1
24
6
1
1 23 6 9 13 40 10 35
1
6 1
1
1
15 1
1
1
1
1
1
1
1
41 42
24 43
1
1
1
1 23 44
1
1
1
1
1
1
1 21
1 6
1
45
1
1
1
1
1
1
1
1
1
1
1
1
1
18
1
1
18
41
39
39
39
39
39
1
1
1
1
1
46 28 47 39
1
6 1
6
1
1
1
1
1
1
8 40 1
8 13 1 48 49 50
1
1
46 51
1
18
1
1 52
53 1
1
1
1
1
1
1
23
1 8 13
1
24
32 54 55 31 30 48 56 1 57 10 13 8 58 59
60 1 55
1 57
1
61
4 6
1 40 8
1
1 62 63
41
20
64 1
1
1
1
1 2
24 20 45 33 8 10 65
1
1
1
1
1
1
1
42
1
1
1 66
1 49 67 68
1
1
42
69 1 5 58 70
65 5 31 71
72
5 1 70
23 1
73 74 23
24 19
75 39
1 76
23
23
72
1
1
77 1
65 1
1 78
1
1
1 79 7
1 7
72
15
1
1
1
4 1
1 77
24
1
1
1
41
1
39
1
1
80 24
20
24 80 81 82
1
1
1
1
1
1
1
83 1
65 1
84 1
1
1
1
85 1 23
4 1 24 20
1
1
21
1
1
1
1 86
13 1 4
1 4
1
87 8 26 1
1 77
1
1
1
1
1
1
1
1
1
48 78
88
24
15 1
1
1
24
24
89 1 77
76 60 90 1
1
1
1
20
1
1
24
24
1
1
45
45 90 17
24
20
91 1 92 93
42
92 1
42
1
1
1
65 1
1
1
94
95 96 97
1
1
1
1
1
98 4
1
3 1 99
1 53
1
100
24
24
63
1
77 1
1 6
1
20
42
96
1
76 96
1
4
1
1
1 13
101
1
1
1
1 23
1
1
1
1
1 4
1
41
1
1
1
1
1
102 1
1
46 1
1
24 41
1
1
1
1
1
1
1
1
103 12
1
1
1
1
20
1
1
1
1
1
63
63
104 105 6 106 107 108 109
110 105 4 109 111 1
1
1
1
4 1
1
39
1
1 46
112
39
39
39
1
1
113
24 90
1
1 35 8 13
1
1
6
1
63
1
1
4
1
1
1
1
1
1 114 115 37
1
1
4
15 6
1
1
41
94 116
1
1
117
117
1
1 4 50
1
1
1
1
1
1
1
1 118 90 8 28
1
1
1
1
1
1 2 70 119
1
120 22
121
1 6 77
88
1 4
1 8
1
4
1
44
122
1
20
123
19
45
42
1 15 23
1
1
1
1
1
1
1
1
1
1
1
1
1
1
1
1
1
1
1
1
1 76
1
1
1
1
1
1
1
1
1
1
1
1
1
1
1
88
1
1
6
124
125
125
1
1
31 1
1 125
125 126
1 3
1 23
1
1
1
1
1 127
8 40 10 13 1
1
1
13 1
1
1
1
6
90 1
88 1
1
88
1
1 57
10 1
44
53 1 2 77 128 129
1
1
1
1 23
1
1
65 22 1
1
1 21
1
1
1
1
1
39
1
1
78 72
1
77 1
1
1
1
1
1
41 69
130 8 35 13 1 21
1
1
1
1 50
24
1
31 1
1
1 40
1
1
1
131 1
69 20 24
1 132 91
1
1
1
1
1
1
1
1
1
39
39
1
1
6
1
41
41
1
1
1
42
1
39
1
1
1
1
23
133
1
133
20
1
134 1
4
1
1
1 135
1
136 41 137 69 94
44
1
1
138
1
1
1
20
1
138 80
138
1
6
1
80 1
1 125
44
1
1
1 90
8 40 13 10 1
1 8 13
1 15
1
1 4
1
1
1
1
48 1
1
1
1 15
1 53
1
1
94
1
1
1
1
1
1
1
1
1
1 48
48 1
1 53
1
1
18
1
1
1
1
6 1 40 9 8 129 139 77 140 28
1
1
1
63
1
90 88
1
1
141
1
1
77 1
1
67 1
1
1
1
1
1 129 77
1
1
1
1
1
1
1
1
1
1
1
1
1
1
1 9
1
1
1 23
1
7 1
1 90
1 88
21 1 6
1
23 21
1
1
1
62
142
1
1
1
1
1
1
1
1
6
24
1
1 15
1
1
1
1
1
1
1
1
1 90 21
1 90 44
1
1
122
1 23
1
1
1 143
83 1
1 144
1
1
1
1
1
1
76 5
1
1
1
1
4 1
1
1
1
1
1 88
1 21
1
1
1
1
1
1
1
1
1
1
1
1
1
1
1
76 1 9 8
1
1
1
12
44
1
1
1
1 23
23
1
1
4 86
1
1 145
1
1
1
1
1
1
1
1
20
20
1 53
1
99 1
1
1
1
1
1
1
1
141
141
1
136
136
1
1
1
1
1
1
1
28 1
1
1
1
1 23
24
1
1
1
1
1 23
1 32
1
146 1 65
1
1 77
21
63
100
63
42
42
4
1 146
1
77 1
1
94
1
1
1
120
120
42
24
20
20
147 8 1
120
148 1
1
1 23
1 55
1
1
1
1
1
1
1
41 69 136 77
8 1 6
1
1
149 50 1
1
1
6
1
1
1
1
1
24 20
24
42
24
1 8
1
21
1
1
1 8 77
1
1
1
1
1
1
1
36 150 10 8 13 9
1
1
23 1
1
1
1
1
1
90 1
88 1
1
1
1
1
1
23 1
1 33 151 152
112
1
1 8
1
15
15
15
65 6
1 23
1 62 15
1
1 70 119 53
24
24
65 1
88 1
121
1
1
6 1
125
1 8 40
1
8 1
24
1 7
153 24
42 46
32 154 63 31
100
42 100 151
1
1
1
24
1
1
6 8
1
1
6
1
1
13 8 130 155 156 1 33 24 48 30 31 148 32 7
1
1
1
23
1 8
1
1
1
1
6
83 1
1
1
53 4
1
1
157 1
1
1
21
39
1
1
1
6
1
1
1
1
23
1 77
158
158
39
6
6
1
1
1
1
159 4
1
1
1
1
1
20
1
24
24
24
1
4
1
45
1
88
1
1 22
1
1
1
20
1 20
113
160
160
160
1
1
6
1
138
8 10 40 1
4 33 48 30 31 161 162 163 74
6 1
24
53 1
1
1
1
1
63 18
18
1
63
42
20
1
160
1
1
1
1
1
1
1
1
1
1
4
1
6
1
1
1
1
1
1
1
1
1 10 13
1
1
1
1
1
1
76 36
1
1
1
1
1
21 7
1
1
1
1
1
1
1
1
1 47
1
1
1
1
41
4
4
4
6
4
24
1 23
83
1
1 143
164 1
1
1
1
1
1
1
1
1
1 90
1
6 23 1
1
1
1
23
23
63
1
1
1 130
4
1
1
1
1
1
1
24
24
1
1
41
1
80 1 2 77
1
1
1
1
1
24 145
24
1 145
24 1 145
1
1
1
1
1 13
1
1
1
1
1 23 165
15 1 23
1
1
1
94
94
94
1
1
1
1
1
1
1
8 35 10 1 6
88
1
1
1
1
1
1
1
1
1
1
1
1
1
1
1 116
1
7 1
1
1
1 15
4
90 24
22 43 1 13 8
1
23 90
24 76 33 166 113
113
113
24
24
24
24
24
24
113
1
1
1
1
1
1
1
80 1
1 88
1 70
13 8 40 10 1
1
1 6
1
1
1
77 1
1
112
1
1
167 1
1
1 83 21
50 168 1
1 65
131 160
1
40 1
1
1 6
1
1
1 77
1
1
1
42
1
42 20
45
1
1
1
1
1
1
1 65
83
1
1
1
169 1
1
76 1 169 65
1
10 13 1
1
23 6
1
1
6 1
1
170
42 171
42
1
1 42
104 1
1
1
1
141 172
121
88
1
132 4 1
173 1
1
1
20
174 1
1
6
1
1 36
6 1
1
1
1 53
1
112
5
4
1
1 4
88 4
4
1 44
1
4
1
1
1
1
1
1 147 8 13
1
1 77 116 46 89 175
6 86 1
77 1
1
1
24 90
1
10 8 63 141
1
1
1
1
1
141
1
1 6 114
1
1
1
1
1
1
1
1 6
1
1
1
1
1
1
1
6
1
1
1
1
22 1 18
18
1
1
76 1
23
1 53
1 24 48 7
176 1 88
1 157
24
24 46
1
23 13
1
23
1
1
1
1
1
147 1
1
1
1 88
1
42
95
1
1
1
88
1
1
1
77 1
1
1
1
90 124 3 8 13 40 1
36
1
1
1
13 8 1 21
1
1 21
1
1
1 21
1
5
5
1
24
24
24
24
10 24
24
177 1
178 179 1
1
158
24
90 1
1
1
1
1
1
1 21
1
1
124
1
88
1 21
1
1
90 1
1 32
31 1 90
1 83
90 1
31 1 53
1
1
1
1
1 180
1
24
45
42
1
1
1
1
1
69 41
88
88
1
1
1
1
1
1
1
1
1
1
1
1
1
1
1
1
1
150 9 8 13 1
1
1
1
1
39
1
94
94
24
1
1
1
1
1
1
23 1 8
1
1
1
1
1
1
63
181 6 182
183 6 182
1
1
11 8 9 1
1
184
1
1
7 21
6
1
1
46 1
1
1
1
1
1
1
1
1
1
158
1
31 185 1
23 1
1
1
53 21 1
1
1
1
1
1
1
1
1
1
1
186
186
1
1
20
1
1
1
187 80 1
65 1
1 30 32
1
1
1
1
1
1
1
1
1
8 1
1
114
4
4
4
4
57 1 86 77
1
1
19
24
63
24
24
28 39
1
1
1
1
1
1
1
1
1
1 69
4
48 1
1
1
1
3 2 1
1
1
1
1
145 1
1
1
1
1
1 90
1
1
20 24
88 177 80
1
1
1
23 1
1 188
1
4 1 24
1
78 1
15 1 24
24 20
1
1
1 23
23 8
1
45
1
1
1
124
1 23
1 10 8
1 6 88
6
173 1
1
1
1
1 4
1
1
1
1
1 6
177 1
1
1
1 6
42 20 78
90 5
42
42
4 85
1
24 1
1
1
1
24
1
1
24 20
42
1
23 1
83 38 78
1
41
41
1
23
1
1
44
1
1
1
24
1
1
1
50 1 8
1
8 1 2
1
114 76
1
1
4
23
1
1
1
65 1
28 1
6
41
1
20
42
15
1
1
1
42
42
42
1
1
42
42
1
1
6
1
1 15
1
1
116 124
1
1
24
24
42
95
5 78 100
1
1
1
1
1
1
1
23 1
1
1 15
1 77
1
1
94
1
6
1
189 8 1
1
1
21
4
4
4 6
6
23
23
4
112
112
1 15
8 1
1
1
1
1
1
1
6 190 8
1
1
76 1
1
1
1
42 191
42 20
42
24 192 193 32
24 192 193 7
42 24 192 148 7
24
42
42 24
42 24 192 194
42 24
90 42
24 192 194
24
24
90 42 24
42
192 24
42 24 192 194 7
90 42
42
24 195 194 7
42
24
194 113
113
1
1
1
6 1
1
1
1
1
1
83 1 21
21 1
21 1
21
1 21
1 21
8 13 26 21
21 83
21
1
21
21
1
1 8
6
1
1
1
1
1 164
1
1
42
1
1
42
1
1
1
121
1
13 8 1 10 77
1
1
1
1
1
1
15
24
1 15
1
1
1
1
1 2
1
1
1
1
6
6
1 39 83 24
83
1
1
78
94
196
39
197
41
94
198
197
39
199
44
200
201
1
1
1
1
41
1
1
23 6
1
1 148 65
148 1
1 148
63
63
63
63
63
18
63
63
63
63
63
1
63
1
63
63
63
1
1
90 41 69 1 23
9 8 1
1
1
1
1
65 21 1
1 13 8 23 6 65 114 202
65 1
1
1 6
6 1 65
1
1
1 32 7
1 83
1
1 2
42
1
1
1
31 1
31 1 76
1
1
23
1
1
1
1
1 23
1
1
1
1
1
1 90
1
1
1
1
1
1
1
1
1 90 74
1
1
1
1 69
24
1 8 35 10 203 11 40 9
24
1
1
42
20 24
20
1
1
1
1
1
8 1
1
1
1
1
1
1
1
39
41
24
1
1
1
77 15 6
1
1
1 15
1
1
1
1
1
1
24
24
1
1
1
1
1
1
1
1
7 15
1
1
1
15
1
4 76 132
1
1
4
1
1 6
90 1
1 21 53
1
1
204 1
1 205
1
1
1
1
1
24
1 5
1
1
1
1
1
1
1
1
1
1
1
1
77 1
1
1
1
1
1
1
1
88 1 44 4 57
3 1
90 1
1
1 23 167
1 114
1
1
1
1
1
1
1
1
1 4 206
24
24
24
24
24
24
1
65 1
41
94
78
45
24
6
1
1
76 1
1
1
1
1
5
53 4
1 80 207
129 77 1
23 88 1
1
1
51
1
1
1
124
150 208 24
24
1
1
1
76 1
1
1
8 1
1
1
1
1
90 1
19
1 88
1
71 1 22 209
1
4
1
1
1
1
1
1
210 1
1
1
1 8
8 1
1
41
1
48 185 49 1
1
72
1
1 7
46 1 4
112
122
112
41
1
1
1
1
1
23 1
1
23 1
1
1
122
1
1
1
1
20
1
13 8 1
1
7 1
8 4 150
1
1
1
1
1
1 147
1
1
1
23 1
1
1
1
1
1
1
6
6
15
1
1
1
1
1
1
1
22 43 1
1
88
1
1
1
1
24 1
1
4 43 22 65
121
65 1
121
121
121
121
121 1
121
121
121
121
121
21
24
130 1 6 8 9 10
1
8 188 10 13 1
1
1
1
24
4
1
1
1
1
28 1
1
1
1
1
15 1
1
1 8
40 10 8 9 1
23 76
1 6 2 57 42 20 33 24 28
23
24
1
1
24
24
24
164
1
1
4
120 42
42
42
1
1
65 141
94
94
1
23
1
1 72 23
1
1
4 211
88
1
1 88
8 40 1 13 212
77 129 1
1
1
1
1
1
1
1
1
1
63
63
136 63
63
63
88
1
63
63
24
1
23
1
1
4 213
142
142
142
1
4 13 8 1 23
8 1 130
1 4 8
13 1
1
23 13 8 1
1
88
23
1
1
1
8 4
1
23
1
23
1 203
23
23
1 23
8 1
1
1
1
1 21
1
8 1
1
1
1
157 1 31
1
1 76
65 1
1
13 6
6 1 214
1
1
4
1
1
24
24
1
1
1
28 1 77 2
1
1
1
1 77
1
1
37
1
1
19
1
23
1
1
6 1
1
1
6
8 1
1
1
1
35 15
1
1
1
1
1
1
1
113
113
215
1
1 90 23 2
1
1
1
1
1
1
1
1
1
1
1
94
1
1 65 202 216 217
81 63
1
1
1
24
1
1
1 53
1
1
1
1
1
1
1
1
1
1
1 4 65 216 131 218
1
1
1
1
1
6
76 1
1
1
1
1
1
45
1
1
1
1
90 1
1
41
24
1
24
1
219 120
1
1 77
24
24 61
1
24
1
1
1 23
1
1
1
1
1
1
1
88 1
1
1 220 8 221 13 9 150 28 77 130
1
1
1
1
1
1
1
28 1
1
1
1
4
1
1
113
1
76 1
1 76 58
1
1
1
6
1
1
1
1
24 33 65
1 23
1 77
1
1
1
1
1
1
1
63
41
1 6
1
1
1
1
1
1
1
116 4
124
1
1
1
1
136 69
1
1
1
1 23 10
1 13 150
1
1
1
1 8 32
72
5 72
1
1
24
1
1
1
6
222 223 1
1
1
1
6
8 1
1
95
1
1 65
100
1
1 8 9 13 10
1
6
1 6
1
6
1
35 1 224
1 65
1
1 21 90
6
1
1
1
1
1 8 9 225
24
24 20
24
24 226
1
24
1
1 226
24
24
1
24
24 227
24
1
1
1
42 24
1
1 77
1
1
1
63
1
63
63
65 1
65 1
1
1
1
1
94
1
1
1
1
1
173 228 1
1
1
1 13
1
1 128
1 229
1
1
1
1 69
1
1 23
1
1
1
1 23 101 72
1
1
1
1 6
1
1
8 1 13 190
122
31 63
51
51
1
1 221
1 130
1 77 221 8 13
1 77 13 4
1 40 221 150 77
1 3
51 1
18
88 1
1
1
1
1
6
1
4 6 19
19 45 1
1
23 1
1
1
1
1
1
1
117
117
1
1 8 4
1 88
1
1
1
1
6
36
36
36
36
36 12
36
36
36
36
36
36
36
36
36
36
36
21
1
1
1
1
160
1
1
1
157 1 230
1
1
1
1
20
20 1
1
4 65 231 132 232
1 4
24
24
24
24
24
24
24
24
195 24
24
15 1
24
90 1 80 24 8
48 1
1
42
42 7 76
1
1
1
5
57
1
1
24
24
42
1
233 6
88 1
1
1
1
1
1
1
1
1 65
20
20 113
20 63
1
20
1
63
63
63
63
1
1
1
1
1
1 114 90
8 1
1
1
1
1 234
1 15
1
1
1
1 3
1
235
235
1
1
1
1 33 236
1
1
1
1
1
23
18
122 237
1
1
1
1
1
1
1
166 24
1
1
1
6 1
88
1
1
1
1
1
1
1
1
1
1
88
4
1
1
83
83
1 83
83
1
1 7
7 1
172 1
1 233
177 1 238 76
1
1
1
1
24
24
24 77
1
1
1
1
1
1
1
1
1
24
20
1
1
78
1
1 80 99
1
1
1
1 8 224
1
1
1
1
1 86 234 239 77 240 241 128
12 36
78 38 88 95
88 5
77 128 78 3 1
1
128 78 3 12 1
12 77
12
1
1 128
1
1
1
1
141 1 12
90 1 23 126 2 77
1
1
1
1
77 1
1
1
4 90
90 4
1
1
6
1 167
1
1
1
1
1
1
1
15
1
1
1
1
24
1
1
1
24
24
24
45
5
5
1
1
1
1
1
1
1
1
1
1
1 6
1
1
8 40 203 15 1
193 32 31 30 242 194 24
42
1
1
94
94
94
94
94
24
1
1 23
1
15
1
1
1 243
1
1
24
95
23
244 1
89 1 143
1
62
62 141 31 245 246
7 1 77
1
1
1
1
1
1
1
1
1
1
1
1 86
86 1 4
1 86
1
1
1
1
1
24
1
1
1
1
1
24
1
1
1
1
1
1
31 1
1
1 31
1
1
1
1
1 48 30
1
247 1 42
42 45 1
1 221
1
1
39
1
72
1
6 77 2
1
1
5
1
41 69
65 1
1
1
1
6
1
1
1
1
1 76
1
1
1
1
1
1
37
6
24
1 90
1 149 74
248 1 33 46 249
1 85 249
24
24
24
24
1 3 2
1
1
1
6 4
1
1
1
1
6
1
1
57
1
1 6
15
1
1
18
18
164
164 1 151 48
1
1 6
1 13
1
1
1
50 149 1 4
65 1 58 60
1
1
1
1
1
1
24
250 1
1 124
1
1
1
57 15 1
1
1 157
251 86 114
1
1 88 53
1
1
20
1
1
1
1 15
94
94
1
1
1
1
1
1
1
1
1
1
24
1
96
1
1
1 13 10 221
24
24
1
1
141 252
1
157 41
41
42
1
160
1
1
1
1
1
1
1
1
8 212 1
1
2 253
1
1
1
1
1
20
20
20
1
1
13 10 8 35 1 6
1
1
6
1
1
1
1
1
1
1 13 31 4
4
1
1
1
1
1
78 1
1
5
1 254
1 88
1
1
112 141
1
1
1
1
20
1
1 23 6
1
51
89 24 104 108
1
1
1
1
1
1
1
1
1
39
1
1
8 1
4
1
1
37
37
1
1
1
1
1
1
35 10 87 8 40 1
1
1
1
1
24
41
1 159
1
1
63
63
63
63
63
63
63
63
45
63
63
63
63
63
41
1
1
1
1
1 6
1 48
1
1
1 23
1 77
1
1
1
1
1
5
38
5
5
1
1 15
5
5
42
1
255 256 257 6
4 257 256 258 259 260
260 257 256 1 4
1
1
1
1
1
6
1
261 1
1
262
24
24
42
20 24
1
1
18 63
63 69
63
63
63 42
32 7 45
1 23 2
1
90 1
23
83 1
24
1
1
1
23
15
1
1
1
1
1
1
1
1
24
48 4 32
1 48
1 15
1
1
1
24
24
1 149
1
1
78
1 23
1
1
1
1
1 4 263 76
1
63
1
1
1
1
1
1
1
1
6
1
1
6
1
1
1
15
1
1 7
1
1
1
1 23 12
7 38 32 31
1 4
1
1
1
1
1
1 24
24
1
1
40 1
1
1 7
1
1 55
1
6 1
1 21
1
1
8 9 1
20
1
1
1
1
1 6
1 21
1
6
1
24
113
1
1 31
1 21
57
1
1 10
77 1
1
23 1
1 4
1
1
1
1
1
1
90 1 264
1
94
1
1
1
1
1
1
1
1
112 265
24
1
1
1
1
1
24
45
19 42
45
42 45
20
112
1
1
1
1
1 7
266 1
1
1
23
4 10
1 104 4
1
83
1
90 1
1 8
1
65 42
42
1
1
1
1
1
1
1
1
1
1
1 114
1
35 8 1
1
1
1
1
1
1
1 174
1
48 1
1
77 1
85 1 174
1
1
7 48 1 40 9 8 13
1
1 8
4 83
1
1
1
1
1
6
1
1
20
24
24 13
1
4
1
1
1
1
1 264 23 53
1
1
1
88
1
1 267 47 64 28
1
218 65 1
23
24
1
1 77
1
1
1 77
1
1
1
1
1
1
1
1
1 77
1
71
42 61
4
1
1
1
1
1
1
24
1
1
1
1
8 1
1
1
1 23
8 35 1 247
1
1
1
1
94 41
1
1
63
1
1 6 23
124 115
1
1
1
1
24
24
24
24
1
15
1
1
1
6
77 1
1
1
1 77 268 80 187 269
1 3 126
1
2 1 270 3
1
1
1
1
24
1
1
1
1
77 1
1 90
1
1
1
24
1
1
1
1
1
1 147
1
1
1
1 7
1 8
1 6
1
1
1
1 57 50
57
57
23
1
1
1
1
1
1
1
1
24
1 32
63
1
8 1
1 42 8 130
1
15
15
1
1
1
124
24
1
76 1
6
1
1
1 78
1 23 72 78 271 70 119
1
1
1
1
1
1
1
238 1
1
1
1
1 7
1
1 45
20
41
1
1
1
1
90 24
8 188 272 13 1 15
1
77 1
1
1
1
129 1 6
1
1
1
1
1 273 274
94
94
1
1 44
141
1
1
1
4
65 1 15
1
88
1
6
41
63
20 63
63
63
63
63
63
1
63
63
201
63
63
63 70
20
63
45 42
265 39
63
63
20
63
1
1
63
63
63
63
63
63
4 1
1 63
63
63
4 1
1
1
6
1
6
1
1
1 90
76 1
1
1
1
1 275
1
1
1
1 2
5
1
78
78
24
1 2
1
1
1
1
1
1
1
1
1
23
77 1
1
1
1 8 87 90
41
1
1
1
77 1
1
1 44 6
1
1 243
1
1
1
1
1
276 13 35 14 15
15
1
65 1
1
1
1
1
1
1
88
1 90 48
1
63
24
24
1
123
124
72
1
1
1
1
1
41
1
1 3
1 2
1
1
88
1 6
1
206 1
1
1
1
72 1 144
72
1
1
1
112 80
1
1
1
1
1
97 1
39
1
1
1
4
4
1
1
1 125
1
1
1
1
1
88
1 23
1
1 190
1 6
1
1 8
1
1
1
1
1
1
1
1
1
1
1
1 23
1
1
1
1
19 45
24
1
136
1
1
218 1
1
1
24
1
1
1 6
1
42
24
1
1
1
1
1
24
1
1
1
1
39
24
24
37
1
1
1
1
1
1
1
1
1 23
1
114
1
6
125
6
1
1
4
13 1
1
1
1
1
1
1
24
77 1
1
1 38 12 36 224 40 8 9 87
1
1
63
1
1
1
1
1
1
4
6
1
1
1
1
1
1
1
1
20
41
41
41
1
1
1
42
1
1
1
1
157 1
1
1
1
3 1
1
1
3 1
1
94
94 151
1
1
1
8 1
1
1
1
1
1
1
1
95 90 24
1
42
277
51
277
277
277
1
1 70
1
1 278
24
88 1 24
24 279 13 8 14 10 9
122 280 5
1
1
1
1
1
19
1
1
122
1
1
8 40 4 1
1
6
1
1
1
1
281
281
83
1 77
1
55 1
6
24
1
1 6 15
24 20 48 49
1
1
41
41
4 1
1
1
1 6
1
1
24
24
24
24 45
117
200
200
282 101 200
101 200
45
101
24
1 24
24
24
24
24 200
24
24
200
200
282
23
36
12
12
12
23
23
12
41
41
185 45 19
282 185
282
19
45
45
45
19
5
5
5
1
24
1
1 76
1
6
20
24
42
42
1
1
90 1 6 283
120
1
1
4 21 88
77 1 23 243 67 211 284 285
1 83
1
1
15
1
83
42 20
24
1
1
1
1
1
51
51
1
1
1
24 286 287
287 24
24
24
4
129 1 23 7 33 90 35 8 9 53
1
1
1
13 1
1
1
1 2
1
1
1
1 28
1
1
1
1
1
1
1
24
1
1
1
15
1
1
70 1
1
1
1 88
1
1
1
1
1 6
1
1
1
1
1
1
39 1
1
1
1
1
1
124
24
1
1 77
1
160
65 1 15 23
1
1
1
1
1
1
1
1
1
23
1
1
1
23 288
1
1
1
1
48 1 49 23 31 32 7 33 8 13 9 10 40
1 8
48 1
1
1
1
1 8 13
289 209 43 1
1 53
24
53 4
1
13 10 8 1
1
1 8
9 1
1 88
46 1
136
1 37 65
1
1
1
1
1
1
1
1
1
1
1
57
158
290
1
1
1
1
113
88 1 5
5 76
1
1
1
1
1
1
1
1
62 63
1
6
62 18
1
1
24
1
1
1 77
4
1
41 69
1
1
1
1
1
1
18
281
63
18
18
18
4 1
18
18
1
1
1
1
1
1
1 23
1
5
5
1
1
1
1 88
6 1
1
6
1
6
1
1 77
63
63
63
1
1
1
15 1
1 83
30 48 1
1 2
4
1
1
72
113 291 123
20
1
1
1
1
24
1
1
1
1
1
1
1
7 1
6
1
41 292
1
1
1
1
18
1 77 90
6
1
1
24
1
1
1
1
1
1
1
24
1 8
1
1
1
1
1
6
1
1
1
1
1
1
23
1
1
1
1
1
1 7
44
1
56 1
1
32 24 192
8 9 1
8 1 6
1
1
1
1
1
1
1
1
1
1
48 1
1
15
1
24
1
1
1
1
1
1
1 6
1
1
1
1 8 6
293 1
1
1
1
1
1
1
1
1
1
1
7 1
1
1
1
1
1
1
1
1
1
1 143
1
1
1
1
1
1
1
1
1 294
1
1
1
1
1
1
1
1
1
1
1
1
1
1
1
1
1
1
1
1
1
1
1
1
1
1
1
1
1
1
1
1
1
1
1
1
10 1 8
1 24 32 55
55 1
24
24
24
1
1 88
1
1 83
1
24
1
1
1
1
1
1
1
1 44
4 120 95 44 1
1
20
1
1
90 1
1
1
1
1
141 1
