1
2
3 4
5
6
6
6
6
1
1 5
1
7
8
9
1 10
9
1
1
8
8
11
5
12
13 1
14
15 16
1 17 18
19 20 21 22 23 24
25 1
1
1
1
26
26
26
26
26
26
26
26
26
26
26
26
27 8
1
1
1
1 5
1
9
9
1
1
28 29 1
1
1
30 1
1
1
1
1
1
1
31 1 32
1 33 34
35 36
1
1
1
37 1
1
1
1 5
5
5
38
1
1
1
39
40
40
8
40
41
1
1
42 1 19
1
8
1
1
9
9
39
39
39
39
39
39
39
39
1 43
1
1
1 44
1
8
1
1
1
1
1
1
45 29
1
20
1
1
46
1
47
1
1
1
1
18
48
1
49
50
49
49
7
5
9
9
50
7
7
1
8
1
1
1
1
46
29
1
1
1
5
1
1
1
16
1
1 16
8
45
1
1
9
9
1
1
1
9
51
9
1
38
1
1
1
1
44 52 8
7 40
1
1
1
1
1
1
1
1
1
1
1
1
1
1
1
1
1
1
1
1
1
1
1
39
1
20
1
53 1
1 54 19
4
55
1
47
1
1
1
1
1
1
7
39
1
51
46 56
9
9
9
1
1
29
45
39
9
9
9
9
8
1
1
5
1
1
8
8
8
9
10 1
9
9
1
1
5 1
1
45
9
29
57
20
39 45
7 57
4
50
16 26 1 58
1
1
1
1
1
16
1
1
59
1
29
1
1
1
1
39
60
1
1
1
61 1
1
10 1
1
1
1
46 55 29
1
39
1
39
4
17
62 6
29
1
38 1
1
43
1
7
16
38 63
1
1
1
1
1
1
1
39
46
1
1
1
1
1
1
39 4 7
1
1
1
1
64
39
39
1
55
55
1
50
20
1
1
1
35
1
1
5
5
1 19 65 66 22 67 68 21
1 22
1
39
66 1
1
47
50
50
45
69 62
1
10 70 71 1
3
45
9
29
1
1 53
9
50
50
1
1
39
49
4
39
39
39
39
39
4
29
39
39
13 29
1
43
1
1
1
1
1
1
1
29
9
18
39
1
1
72
1
1
9
51
5
1
1
1
1
5
35
64
1
1
1
7
1
8
1
1
1
1
1
9
9
9
20
29
1
9 1
29 9 1
9
34 9
73 9
1
64
8
1
4
1
1
46
1
1
1
38
1
46
9
1
1
1
9
74 8
8
50
47
50
1
1
1
1
1
1
75
40
1
29
29
1
1
1 10 76
1
1 77 78
1
1
1
1
79
1
20
47
47
1
1
1
1
1 80
8
7
1
1
1
1
1
1
39
1
81 4
4 81
4
4 81
5
19 66 42 1
1
1
1
82
39
39
1
50
50 35
83 35
50
50
50
1
1
41
41
84
1
9
1
9
8
82
55
8
35 85
1
32
1
1
1 86
1
8
9
79
1
1
1
1
1
4
9
14
1
38
1
26
9
9
9
9
9
1
49
1
1
1 44
86 1
1
86 1 44
1
87 1 88
1
64
50
7
1
8
8
8
8
8
39
8
1
1
49
49
45
9
62
1 89
90
91
1
1
8
1
1
1
29
8
92 1
1
76 1
20
82
9
1 20
1
1
9
1
1
1
55
93
1
39
39
49
49
49
49
49
49
49
1
40
8
8
1
1
1
1
1
47
1
7
1
94
7
50
50
45
6
46
46
46
1
5
1
1
1
88
1
1
51
1
1
1
39
39
1
1
1
8
15 1
1
5
1
12
1
1
7
7
7
8
1
1
4
39
39
39
35
1
1
1
1
1
1 32
1
1 32
95 1
1 5
1
1
29
8
1
43
43
5
5
1
1
29
5 1
1
1
49
1
1
1
29
45 29 82
82
72
72
72
72
72
1
1
1
1
51
51
96
8
79
1
9
1
1
97
39
15
9
1
98
1
39
47
12
1
47
50
1
1
1
1
1
1
1
1
1
99 1
1
1
16
1
1
14
14
14
1
1
1
1
1
38
5 1
5
1
9
9
9
9
21 100 1 68 22 67
1
1 101 86
1 102 103
1 19
103 1
104 1
105 1
1 86
7
8
1
1
1
1
97
5
1
1
1
1
1
9
69
1
4
4
4
90 17
8
8
90
88
1
5
1
50
9 46
1
1
1
47
8
12
46
9
1
45
9
1
1
43
106
1
1
5
1
5 1
1
8
1 103 10
1
5
1
1
1
1
1
39
1 43
43
39
7
1
32
32
9
1
5
1
1
14
1 38
1
1
1 54 38
1
39
39
39
39
5
1
1
1
1
1
1
107
39
5
1
8
1
1
1
1
1
1
5
5
47
8
1
7 8 54 57
50
8
50
1
1
1
1
8
35
1
8
103 1
8
8 108
8
16
8
8
8
1
1
109 38
44 52 110 38
1
1
1
1
1
5 97
46
46
1
1 84
1
1
26
26
35
35
35
1
1
1
1 111
1
40
8
8
1
1
1
1
1
55 7
7
7 40 8
8
47
112 47 113
9
1
1
1
38
1
1
45
8 74
1
1
8
1
1
1
1
47
47
47
47
20
5
38 114
38
1
1
1
29
29
45
29
1
1 38
1
1
62
62
33
1
1
1
1
86 1
5 63
5 115 58
72
8
4
4
4
1
1
1
7
7 1
32
38
46
50
35
35
38
8
1
1
1
46
1
1
1
1
1
39
8
1
8
1
72
72
72
5
5
1
1
1
8
1
1 8
1
1
1
1
1
1
39
1
39
39
1
39
39
1
1
1 90 17
1 43
7
39
1
1
1
1
116
1
9
38
1
33 1
1
117
1
39
39
39
1
32
51
49
40
1
1
51
51
51
51
1
1
1
1
1
1
1
1
1
1
1
1
7
7
1
45 29
1
1
1
29
39
1
1
1
1
39
39
1
1
118
1
62
1
7
20
20 1
1
82
4
1
1
1
1
1
1
35
40
1
1 32
7
64
64
1 10 119
8
1
1 8
8
82
1
5
5
1
1
62
5 1
1
4
39
39
1
1
1
1
14
40
1
1
1
1
88
120
120
29
120
48
48
48
48
48
14
48 13
1
1
1
1
1
1
1
1
5
5
1
39
121 47
1 43
5
1
45
1
9
9
9
9
9
9
9
40
1
1
1
1
1
1
1 122
35
1
1
1
1
1
1
38
1
47
9
1
1
4
1
1
1
1
1
1
1
1
66 1
1
4
1
50 29 40 54 8
1
1
1
1
50
29 40
1
1
1
9
1
72
47
1
1
1
32
62
20
5
1
1
9
1
1
1
1
1
20
39
39
1
1
1
1 38
1
34
1
1
8
1
1
1
1 86
1
5 1
39
1
1
1
1
1
12
3
45
39
123
1
20
3
3
3
8
51 124
1
1
1
1
55
125
38 20
47
47
1
1
1
1
1
1
1
1
1
75
29 94
94
45
9
1
26
1
1
46
1
1
8
1
1
1
1
1
1
1
1
1
1
8
35
37 5
57
8 7
40
12
45
29
3
1
1
8
8
1
9
1
1
1
9
1 12
12
12
12
5
1
19 20
12
12
45
45
4 1
1
9
1
1
5 89
5 126
1
15
8
5
1
117
127
51
1
17
49
7
39 49
1
1
1
1
82
1
39
7
8
8
5
1
1
47
1
8 128
10 1
1
1
20
47
62
39
50
1 44
29
40
1
29
29
1
1
1
1
1
1
1
1
1
1
1
5
129 38 130 131 132
5
1
5
5
5
1
1
1 10
1 10
1 43
39
1
9
8
1
1
47
5
5
5
1
133
46
1
4
4
4
3
49 39
8
8
8
29
8
8
15
1
55
1
1
17
17
1
14
14
1
1
47
47
1
57
88
88
75
1
4
1
4
4
8
7
82
32
9
50
7
4
38
39
1
1
1
1
8
134
1
48
1
1
46
1
38
1
35
1
5
1
1
9
7
8
8
8
8
1
1
1
1
1
1 5
1 20
1
1
1
1
1
1
1
43
1
39
9
1
1
5
57
1
39
1
1
1
1
1
1
9
9
39
9
39
1
1
1
1
1
1
1
1
1
1
33 1 20
16 83
1 19
39
39
39
29
29
1
40
55
1
3
3
1
1
8
82
1
47
47
9
1
72
1
29
29
29
29
8
29
1 44
46
1
1
62
38
12
1
29 26
29
29
34
1
1
1
1
8 40
8
1
1 5
1 20
1
12 1
1
1
1
1
1
7
46
5
9
58 8
50
8
8
9
5
46
39
1
8
1
1 108
5
1
7
7
7
7
1
1
49
1
1
98
1
1
8
5
38
1
1
1
9
9
1
39
98
98
1
1 63
51 135
51
8
8
8
8
8
8
8
8
8
136
136
8 137
8
18
48
39
1
1 12
1
5
1
1
1
45
35
35
1
1
46
1
1
39
1
138 139 127
57
1
66 7
1
50
57
1
1
1
5
1 20
1
9
9
9
1
57
39
1
1
1
1 67
1
46
1
39
39
39
8
39
140
1 5
5
1
5
1
9
39
8
8
46
1
1 109
1
1
1
141
1
46
1
1
1
1
1
7
50
50
50
50
50
50
50
50
50
50
50
1
1
5
39
39
39
39
49
123
1
1
49
1
7
7
1
20
8
8
55
1
1
1
1
1
1
39
49
1
1
35
38
1
1
4
1
1
1 5
1
1
39
35
8
8
49
18
1
5
4
1
5
142
45
29
3
7
15
1 32
1 5
1 58
1
8
1
39
82
51
90
1
1
1
9
9
38
1
1 10 143
1
1
1
1
1
5
51
51
1
1
1
57
62
7
1
44 1
47
7
1
1
1
1
144 9
1
1
1
9
1
1
1
5
1
5
46
57
1
50
1
1
1
1
141
141 4
1
1
1
82
72
51
72 51 127
1
1
45
1
3
6
1
1
1
1
1
19 1
1
1
1
14
40
1
8
108 8
20
1
1
1
1
79
8
9
8
8
8
40
7
57
57
7
7
1
1
1
1
1
1
39
39
82
8 74
4
4
1
1
9
9
9
9
50
1
9 45
1
145
1
82
1
1
2
9
20
9
9
1
45
1
29
1
1
4
1
35
1
1
1
50 35
1
4
1 20
8
8
1
51
51
5
5
1
4
1
38
1
1
1
5
20
1
1
1
1
1
7
7
7
1 25
1
1
1
1
1
1 86 37 146
1
8
9
1
1
32
8
8
5
1
9
1
146 1
1
1
1
1
62
4
29
45 7 29
8
1
1
1
1
118
1
1
1
50
5
1
1
8
120
1
14
1
5
1
38
4
1
1
1
1
1
1
1
5
1
1
1
1
1
1
1
1
1
1
20 12
1
4
1
5
1
1
1
32 1
1
1
1
1 20 85 147
29
1
72
72
72
47
47
148
9
9
9
39
1
62
62
1
14
40
1
8
120
45
1
1
1
1
1
1
1
113 1
149
9
55
55
1
1
1
1
1
1
1
1
40
1 43 86 150
1 58
49
1
39
1
1
1
1
1
151
151
1
1
1
1
1
1
1
1
1
1
1
1
8
8
8
1
39
39
39
51
51
1
1
1
1
8
1
145
50
53 4
8
8
1
20
1
1
1
50
46
50
8
8
5
5
5
118
5
5
5
5
5
5
5
1
1
1
9
1
97
10 5 111 52 44
1
1
1
9
46
46
46
57 46
57 7 46
46
9
9
152
9
1
1
1
16 32 1
48
1
1
1
9
9
17
5
50
50
1
1
1
29
29
1
1
1
79
1
1
1
1
1
1
1
38 1
8
1
1
46
57 47
47
50
1
1
8
8
38
39
8
1
1
1
38
5
134
5
1 153
1
45
1
1
8
1
9
9 29
1
1
1
5
1
1
47
113 1
47
47
47
1
1
55
8
1
1
1
1
1
1
1
1
1
1
1
1
1
1
1
1
1
1
8
1
47
9
9
4
1
1
40
40
8
8
45
5 1
1
17
1
64
5
45
45
18
142
1
5 154
1
72
72
72
1 155
8
1
1
1 5
1
1
1 53 13
1
1
1
1
1
1
39
20
20
1
1
39
49
1
1
1
1
1
1
1
1
1
39
1 156
1
1
32
39
1
1
145 113
57 7
145
113 157 47
1
1
1
1
1
1
1
47
1
12
1
1
5
39
1
1
62
62
82
8
158 66 159 104 160 75 14
29
20
1
1
4
1
1
1
1
1
1
1
1
39
1
5
1 20
1
39
1
1
8
1
8
50
134
29 161
9
62
1
1
45
1
1
1
1
1
1
1
1
1
1
1
1
39
1
1
39
1
1
39
39
39
39
4
4
39
1
1
1
59
3 9
50
1
50
50
45
1
29
1
1
1
5 1
29
82
29
40 8
8 40
32
32
108 1
1
1
4
1
1
1
50
1
44 1
1
8
39
1
7
9
9
1
20
9
50
50
50
50
7
44 1
1
1
49
1 81
118
5
29
1
1
1
1
1
1
1
18
18
14
33
18 29
29
18
18
1
39
1
1
1
1
1 69
14 62
1
1
1
39
34
1 12
82
1 162
1
39
39
39
1
1
101 38 103
39
163 164 165 166 167 168 169 170 171 172 173 174 175 5
5 53 176 31 38
51
9 123
1 44
1
4
4
4
4
39
39
5 1
40
177 69
47
1
1
1
1
1
5
39
1
8
39
82
1
134 83
1
1
1
12
1
16
9
1
1
4
4
4
60 57 8
57 7
4
39
49
1
45
45
178 109 5
1 38 109
1
1
1
1
1
5
179
179
1
1
62
5
1
29
8
1
1
1
1
1
9
38 180 181 182 183
39
1
1
1
1
1
5
1
8
39
9
39
49
39
39
39
1
1
1
39
39
39
39
39
1
29
29
1
4
4
8 1
49
62
17
17 141 14
14 141 17
62 141 14 6
141
14
14
14 62
141
141
141 14
148
14
17
141
14
62
1
1
1
1
38
1
1
1
8
1
1
8
107
184
107
35
29
29
39
82
1
1
1
1
1
1
12 1 5
35
1
1
5
5
1
5
1
1
1 5
51
72
8
8
20 1 54 58 10 52 70
16 1
16
5
1
1
1
1
32
20
32
32
32 16
5
62
1
1
1
16 1
1
1
8 79
5 185 186
79
79
1
1
1
187 8
1
1
38 109 1
39
9
1
1
5
8
8
8
1
1
1
1
1
9
4
1
39
1
188 1
1
8
9
9
9
1 189
39
39
39
39
39
39
39
39
39
39
39
39
39
39
39
1 5
39
39
1
49
49
1
1
1
1
1
1
1
5
1
14
190
17
191
1
4
39
39
39
39
39
39
39
49
39
1
1
8
1
32
1
8
8
8
1
1
55
55
55
40
1
1
82
82
9
8
32
32
1
9
1
17
1 32
1
82
1
1
7
46
9
9
9
9
39
35
191
35
5 1
29
29
9
69
1
1
1 58
1 20
1
1
1
192 5
25 123
1
8
1
1
1
1
1
1
79
89 88 44 52 110
1
1
1
29
29
39
8
1
8
1
1
1
1
51
51
39
47
1 5 20
1
50 145
1
1
5
57
5
5
5
5
1 32
1
48
1
39
1
1
1
1
46
1
82
82 49 4
39
39
49
49
49
49
49
49
49
49
49
49
49
29
41 50
45
1
1
1
10 8
5
39
39
39
39
29
29
29
29
1
9
9
9
9
69
1
1
86 1
1
1
49
39
94
3 93
1
82
1 5
17
1
1
1
1 193 194 52 58 53
39
7
7
7
7
7
46
4
1
1
195
1
1
1
196 137 7 197 58 54 198
12 1
1
1
1
1
1
1
1
1
1
1 199 200
1
1
1
1
9
9
1
9
29
40
1
1
1
1
38
5
1
5
5
5
1
49
39
50
1
1
1 19
1
1
1
1
1
46
57
57
57
7
7
7
57 7
57
57
7
39
1
1
1
5
5
1
1
1
1
1
1
1
40
1
1
16
1
16
20
38 53
40
1
141
141
141
1
1
1
141
25 39 1
1
1
1
39
1
39
1
40
43
1
1
5 1
1
8
8
5
1
20
20
20 201
1
39
1
1
9
9
9
9 26
9
9
9
9
9
9
9
46
46
46
1
8
97
1
1
1
8
8
202 8
203 8
8
8
1
1
5
1
1
1
1
4
4
4
4
57
4
1
38
51
1
204 1
40
1
1
1
1
29
1 38
8
1
1
1
35
1
1 52
10 1
43
1
1
1
1
1 195
1
1
1 20 5
9
9
82
1
77 1 205
1 205
1
1
1
1
5
20 1 38
1
1
1
1
5
1
29
1
1
1
5 52
118
118
1
1
1
1
45
94
1
1
1 206
1
1
1
69
5 207
1
1
1
51
1
1
1
1
1
70 1
208 1 209
1
210 1
1
38
1
5
1
1
1
1
1
20
1
116 211
35 202 116 212 36 211
1
1
1
1
1
1
1
1
39
55
29
1
50
1
1
1
1
1
39
5
1
1
1
7
1
1
1
1
39
1
1
1
113 51
62
1
1
5
1
1
1
1
1
1
1
1
45
26
1 20
1
5
1
1
1
4
1
1
49
49
1
1
35
35
35
1
1
1
1
1
3
1
1
1
1
1
20
9
9
1
1
29
1
38
4
62
1 62
1
62
1 62
1
8
1
1
1
9
47
1
1
88
1
1
1
1
39
50
7
7
7
57
57
60 8
39
49
1
39
1 5
1
9
58 108 1
1
213 214 47 215
82
133
9
39
26
7
7
4
4
1
1
48
1 107
1
9
136
88
88
88
69
6
190
40
1
1
88
8
1
51
51
51
51
51
51
51
51
125
3
39
1
1
35
15
35
8
7
57 7
5 1
29
1
1
20
20
1
1
1
1
6
6
6
6
6
29
9
9
9
9
9
9
1
50
50
47
1
1
1
1
1
1
1
1
1
1
1
1
1
1
1
5
84 1
1
1
79
3
1
1
1
9
1
1
57
1
1
1
1
1
1
9
1
1
59
59
4
149
4 3
49
49
49
149
1
14
1
145 57
57
39
39
7
8
9
1
142
39
39
49
49
39
39
1 19
5
1
1
84
39
8
9
1
1
69
1
47
1
1
1
39
39
39
1
4
1
29 8
44 1 19 66 68 42
1
38
38
1
20
1
72
47
72
72
1
1
1
1
1
1
1
1
1
5
5
1
1
1
1 109
1
8
216
1
1
1
1
62
110 1
32
1
1
1 108 217 19 109 63 58 187 102
1
1 162
109 5 218
1
1
39
5
43
116
35
38
29
26
219 5
29
29
82
29
29
29
45
29
29
120
120
29
26
8
1 10
5
9
8
8
1
1
1
64
1
1 58 77 218
1
1
35
9
1
40 46 9
8
1
1
69
1
45
35
35
1
9
1
29
39
82
29
29
1
82
5
1
1
5
41
141
8
1
1
47
1
1
39
82
1
1
1
1
50
91
40
57
57
57
46
1
1
1
1
1
1
1
39
1
9
1
50
1
1
40
7
1
1
1
1
1
1
1
51
51 57
51
51
29
29
29
39
4
4
39
39
39
39
39
1
4
1
1
1
1
7
1
7 55
7
55
1
1
39
1
1
1
1
39
39
1
1
10 220 221 222
40
8
8
8
46 50
39
4
1
1 223 224
88
1
1
8
8
1
57
1
51
29
1 43
45
1
1
1
1
1
1 84
4
4
4
225 83 1
1
1
1
7
50
47 50
1
40
1
52 1
1
1
1 52 19
88
1 226 42 19 68 66 22 67
1
20
46
5
5
20
32
1
1
1
1
1
1
1
1
1
1
1
1
9
57 55 41
41
227 1
1
1 19
1
1
1
109 1 8 5
38
228 88
79
1
1
1
39
1
1
7
29
45
29
1
1
57 60
8
1
84
11
191
90
1
32
1
29 229
125
1
1
9
9
1 20
45
1
29
1
8
1
1
1
1
1
72
1 86
38 70 230
39
1
9
47
7
1
1
45
57 55
1
1
1
1
1
38
9
9
9
9
1
29
1
5
5
5
118 1
1
1
1 5
1
1
1
9
1
1
39
39
39
39
40
1
1
1
1
1
8
45
64
1 86
39
1
117
1
1
1
1
1
1
1
1
5
