1
2
3
3
4 5 6 7 8
9 10 7 2
2 11
7
12 13
7
14 15
7
7
7
16
17 8 18
7 2
19 3
7
7
7
20
7
7
5
7 2 20
7
21
7
7
20
7
7
7
7
7
7
7
7
7
3
7
7
7
7
7 2 22
7
7
23
7
7
7
7
24
24
7 25 26
7
7
7
27
27
8
8
7
7 28
5
7 29
7
30
7
7
7
7
7
7
31 32 33 20 7 34 35
36
7
27
7
5
7 2 21 20 37
7
7
7
37 7
7 38 22
7
7
7
2
7 20
7
20
7
3
20
22 39 40 41 28 7
7 42
43
43
43
43
43
43
5
5
22 7
7 44 45
16
46
46
7
16
46
46
7
7 47 38
7
7
7
7 28
7
7
7 2
48 7
7 20
7
3
7
5
7
7 49
7 5 1
7
3 50 7
7
51 7
7
7
7
7
29 7
7
7
2
7 52
7
28 7 20
7
53 54 7 30 20 2
7
7
7
7
55
56
7
7
7
7
7
7
7
7
7
7
7
7
7
7
7
7
7
7
7
8 6 5 57 45 58
7
2
7
40 22 59 60 61 62 63 64 65 7 28 66 67 68 19
7 1
1
15 7
2 7 22 28 40 62
20
69
7
7
7
7
7
7
7
7
7
7
7
7
7
7
7
7 22 28 1 59 63
7
20 7
70
70 52
7
7
7
7
71 7
7
72 7 73 74
75 76 77 7
12
7
7
7
7
7
9
7
78 7 1
7
7
7
7
7
7 16
16
7
7
7
25 7
7
79 80 4
7
1
7
7
79 81 7 20
7
7
70
20
70
82 70 83
70
70
70
70
7
7 84
85 7
7
70
70
7
7
86
7
20
7 35
7
7
7
7
15
7
2
87 78
22 7
7
88
89
80
80 46 90
80 7
90
7
7
91
7 29
92 7 59
7
37 7
7
93
94
24 7
7
1 7 95 96 97 98 25 99
7
30
100 101 102 30 81
81 46
7
2 103 104 7
7
7
105
105
105
5
106
7 1 81
7
30
2
2
107
7
7
20
7
5 108
5
5
7
5
5
7
7
7
22 7 59
22 7
105
7
7
109 81
7 81
7
81
7
7 20
7
5
7
7
7
7
7
7
7
7
7
7
7 29
7
42
7
7
7
7 22
7
7
110 20
7
111 22 112 7
22 7
66 7
7
7
7
7
7 2
7 113
2
20
7
7
7
7 114
5
7
7
7
7 23 115
7
7
7
7
116
7
107
7
7
7
7
7
7
22 61 28 117 65 7 20
15
15
15
15
15
7
15
20
7
35 7
5
7
14
16
7
7
88
7
7
20
20
7 20
88
20
88
88
88
88
7
7
20
7
88 118
88
88
7
119 20
7
7 20
7
7
120 121 7
7
7
7
7
7 20
7
7
5 122 7
7
7
2 123
7 21 1 5
5
7
7
7
7
7
27
7
7
7
7
7
7
7
7
7
7
7
7
7
96 7
2
7
7
7
2
2
7
2
2
2
7
7
7
7
16
16 110
7
7
7 72
7
7
7
7
7
7 42
7 24
7
7
124 7
7
7
125 7
7
38 7
25 7
7
126 100
20 7 127
7
7
7 72
7
7
7
5
5
28 22 7
22 128 5
46
46
7
129 45 7
7
7
7
7
5
81
7 82
7
7
81
7
7
28 7
7 2
7
7
76 7 20
7
7
7
7
7
7
7
7
45 7 57
7 114
123 1
7
7
7
7
7
7
7
7
7
7
7
7
7
7
7
7 16
7 82
130 7 97 131
7
7
16
16
16
16
132
133
73 72 7 1
20
20 7 29
20
7
134 20
7
46 16
7
7
7
2 7
81
7
7 22 6 40
7
7 28
112 7
7
7
5
2
2
2
2
2
2
5 6 8
7
7
7
7 1 104 135
105
105
105
105
105
42
105
105
105
45 105
105
105
136
99 5
5
2 70 7 29
98 7 137 20 37
20 1 7 23
93 21 7 20
59 138 139 28 22 140 7
5
5
5 127
7
7 2 38 122
141 2
5
11 7
142 7
7
8 5
7
70
143
7
52 2 7
7
2
102 30
7
3 136
3
91
7
7
105 20
105
22 7
144 7
7
2
105
3
7
7
133
38 7 104
7 1 129
7 82
8
8
8
7 5 6 22 139
7
7 36 3 99
20
36
7
7
29 20
7
81
8
15
7
83 7
7
7
7 114
38 7
75 145 146 102 7
7
7
16
7
7
7
102 7
46
46
147 7
7
7
7
88
7 20 29
20
7
9
7
7
7
7
20
20
7 20
7
7
15
7
20 5
7
1
7
7 24
7 2 20
5 7
20
20
20
7
27
7 5
7
148 7
7
7
7
81 149
81
7
7 1 10
78
5
7
150 7
7
7
7
7
7
7 20
7
151 7
152 23
24
1 10 7
20
7
1
7 45 78 6 129 153 127
7
154 7
7 38
57 129 114 7
7
7
7 82
7
7
7
43
7
24
7
2
7 2
7
7
7
7
7
7
7
7
7 1
7
7
7
7
7
7
7
24
7
7
7
7
88
88
88
7
45 5 6 8 15 7 1 2
14
46
7
136
7
7
2
155 20 7 11
155
155
7 38
7
7 125 156 76 157
7 2 139 22
7
7
7 1
2
7
20
7 2
28 22 140 112 40 139 7 1
7
7 5
7
7
7
7
7
2 102
7
7
3
19 3
46
46
46
46
27 15 8 86 5
7
7
30
7
158
8
7
105
88
105
12
105
7
5
7 159
160 24 161 162 163 164 165 37 166 167
7
22 7
7
2
2
7 3 20
7
7
7 82
7
7
7
2
3
3
15 7
7
7 20 110 66 68
7
7
20
2
7
7
7
20
5
5 6 7
1
7
29
11
7
20
50 136 3 168
7 2
7
16 133
7
7
7 22
7
7
81
81
81 129
81
7
7
169 7
7 170 52
7 29
7
7 65 22
20 42
1
7
7 29
7
3
7
7
20 7
7
7
7
56
56
7
2
20
97 7
7
7
171 7
7
7
7 8
172
7
7
7
7
20
16 173
136
7
21 7
7 2
7
7
7 135
7 139
7
7
7 24 82 38
7
7
5
7
7
174 7
7
7
5 8 7
7
5
7
23
7 1
7
7
7
20 7 29
20 7 129 45 114 72 109 123 73 175
24 7
7 20 2 81 90
136 7 20
7
46
24
7
7 1
3
7
7
7 1 108 50
7
40 22 2 7
7
176 7
7
52 7
7
22 7
7
7
7
7 1
7
7 177
7
7
5
7 1 24
29
7
7
7 2 42
7 24
7
8
7 20
8
7
7
7 178
27
27 5
23
7
7
20
17 81
15
140 22 28 7 139 59
15
7
7
7
7
7 29
3
22 40 28 139 7 82 38
7
7 2
7
7
7
20
7
81
24 7
24
24
24
7
56
7
7 179 73 127 114
7
7
7
7
7
16
7
7
7 1 2
7
7
5
5
7
7
7
9 10 7 20
20 7
7 20
16 102
24
23
7
7
7
7
2 7 24
7
105
7
7
7
135 47 105
7
7 105
7
7
7 20
7
114 7
7 2 24 42 74 1
7
24
7
7 1
7 2 74 91 180
180 20
20 7 21 93 42 74 12
105
7 127 2
29
10
24
24
7
7
7 1
7
20
1
7
7
7 1 22
7
7 20 24
7 24
7
1
11 7
7 1
11
7
7
7
7
7
7
7
38 104 7 28 22 40 39 181 97
7
182
6
7
7
7
7
99 19 3 18 183 6 184 73
7
7
2 7
42
7 102
7 114
7
7 127
7
86
88
16
7
76 7 2
7
8
1 7 23 73
1
1
7
5
78 7
7
185 7
7
7
7
7
7
7
7
7
81
5
136
5
5
1
7
7
7
7 29
7 29
7
7
7
24
7
7
7
7
7
7
7
7
7
7
7
7
7
7
7
7
7
7
7
2
7
7
7
7
7
7
7
7
7
7
7
7
7
7
20
7
7
139 22 41 28 186 187 65 112 7
7 1 2 29
7
22 7
139 7
7 2
5
8
7
7
7
5
7
7
188 9 7 10
7
1
7 97
7
7
20
7 1
7 72 45
7
66 11
7 127 71
105
7 20
7
81
7
24
7
7
7 20 23 73 125
7
7
7 10 48 9
9 10 45 114 189 170
7 170
2
1 45 68
114 7 170 1 2 68 9
45 2 114
59 7
170 7 45 190 6 10 9
7 68 114
7
2
7
7
7
7
7
7 191
9
7
127 7
192 72 7 1
7
7
20
20
7
7
7
7
30 102
19 3 99
3
73 23
20 7 29
20
20
7
7
7
107 42 9 7 2 20
2
15
15 5
8 7
7
193
193
88
10
7
194 49 193
193
193
193
16 3 136
16
20
7
107
193
193
16
14 193
105
90
90 99 195 68
7
21 42
20 7
5
7 20
104 7 24
73 7
2
7
7
107
70
107
7
107
70
7
7
7
22 28 7
5 6 59 22
2 7
7
7
5
5
5
46
46
7 5 6 22 139
7
7
36 3 99
88
7
20 29 7
7
20
20 7
7 196
7
81
7
45 81
7
16
81
7
7
7
7
7
7
7
7
10
2
7 82 83 197 198 38 84 98 199
29
29
20
73 76 109 72 102 7
7 1 38 82 200 201 66 114 127 57 45 6 52
24
7
88
202 88
7 24 2
7
7
81
7
136
7
7 2
7 20
7
7 20
7
7
7
203 3
7
20
5
5
7
29
47 204 135 19
47 205 122
5 8
42 206
7
5
5
10
155
7 155 9 2 20 10
207 125 208 209 210 211 75 178 212 76 73 213 214 215 100 216 217 155 218 20 50
219 20
7
8 5
7 2
7
7
7
7
7
7
220
9
7
81 14
5
7
7
2
221 7
7
7 2
7
7
7
7
7
7
7
