1
1
2 3
1 4
5
1
6
1 7 8 9
10
11
12
12
12
13
14
14
15
1
5
16
1
15
15
15
1
15
14
1
17
18
19
1
1
1
1
1
1
1
1
20
21 22
14
1
23
23
1
18
18
24
1
1
5
11
11
25
18
18
12
1
1
1
1
1
1
14
26
26
26
26
26
26
26
26
26
26
1
1
26
1
27
26
1
1
1
1
18
18
1
28
3
23
23
23
23
11
11
11
1
7
1 29
1
1
14
5
12
11 30 12
5
16 5
1
16 5
5
31
5
16 5
32 33
32 34
1
1
1
14
35
36
1
1
2
37
38 14
39
1 40
41
5
1
1
16
16
1
1
41
1
39
39
1
1
1
42
18
39
15
11
11
11
1
14
1
12
43
11
18
12
11
44
44
1
1
1
1
39
45
11
1
1
1
1
42
11
16
16
46
47
12
1
12
37
14
1
48 1
1
11
1
1
1 19 49
1 50
51 1
11
11
12
11
1
18
11
2
12
1
11
11
18
1 52 53 54 4
1
6 1
1 55
1
1
1
1
1 56
28
57 28
37 58
11
11
11
1
1
1
14
1
1
42
1
16
1
1
1
39 59
1
1
60
60
23
37
1
1
1
1
1
1 61
4 11
1
1
11
1
62
1 63
1
1 18
7 64
1
1
1
7
7
7
1
1
1
7
1
7
7
1
44
27 65
45
1
1
1
1
1
66 1 67
1
1
11
1
16
14
1
11
11
11
68
1
1
1
1
11
1
1
45
1
61
2
28
39
1
1
1
1
1
39
1
1
61
1
1
1
1
1
1
1
69
69
69 70
7
16
5
5
5
1
39
1
1
1 52
1
1
1
1
1
41 71
1
1 18
18
39
1
1
32
32
32
72
18
1
1
73 1
12
1
1
1
1
1
1
1 19 61
15
15
13
1
1
16
1
6
11
12
39
1
1
1
4 39 6
16
69 1
1
42
44
15
15
11
11
11
11
11
1
9
1
1
1
1
1
1
1
44
61
1
1
1
1
1
1
74 47
47
47
14
74
47
74
47
47
9
47
19
15
1
1
14
14
14
1
1
11
1 75
18
1
1
5
1 18
1
13
60
41
1
1
76
1
1
1
11
11
11
1
1
1
1
77 78
1
1
14
14 79
16
16
16
16
16
14
1 80
1
1
1
1
11
1
1
1
11
11
1
11
1
1
1
28
42
1
11
23
18
1
1
1
81
1
1
38 1
19
1
1
82
1
1
1
1
1
1
1
11
11
1
18
32
32
1
1
1
1
16
4 1
43
16
1
1
1
11
1
1
1 51
1
1
11 83
11
1
23
18
11
11 53
1
1
11
11
11
11
1
11
1
1
1
1
1
53
1
1 11 84 85 86 87 88
89 90 1
91
11 92
11
11
12
1
1
93 1
1
94 11 95
1
1
62
41
37
39
39 1
45
59
1
53
13
53
53
53
53
1
1
1
1
1
16
16
16
16
16
16
16
16
16
12
1
18
1
91
96
18
14
11
11
43
1
1
1
1
1
1
6
59
1 97
1 7 18
98
99
6 1
11
1 18
59
1
17
99
99
11
18
1
1
1
1 86
1
1
1
1
1
1
1
11
1
80
80
1
1
1 100
14
14
1
1
1
15
1
1
1
1
18
59
16
1
18
18
71
101
11
80
17
102
102
102
102
1
19
1 18
1
14
1
11
1
42
37
45
1
1
1
1
1
11
11
1
1
18
76
1
1
1
1
1
1
1
103 1
1
1
42
16
16
1
39
1
52 11
11 44
104 1 18 105 50
1
1
1 75
1
6
1
1
18
1
6
1
1
18
1
1
1
1
1
1
1
1
1
1
1
1
1
1
1
1
1
1
1
1
1
1
1
1
16
39 59
12
39
12 39
11
1
1
11
11
39
1
1
1
1
1 106
11
11
1
1
1
1
1
11
1
16
1
11
2
2
80 1
1
43
1
1
1
1
1
32
1
1
71
71
1
11
42
42
42
1
1
1
23
33
1
1
11
39
11
36
2
39
1
61
1
1
11
11
1
72
18
107
1
1
1
1
37
39
108
1
1
1
1
1
11 93
1
6
6
1
1
1
1
15
80
11
11
1
1
1
1
1
1
1
16
1
1
1
1
1
1
1
1
32
32
32
1 18
1
7
1
1
1
76
76
83 11
1
109 50 1 86 110 111 112 30 113
1 6
1
1
1
1
1
13
1
41
61
61
1
58
61
113 114 43
71
71
71
1
14
107
39
18
11
11
1
16
16
1
9 111 92
15
115
15
16
5
32
41
1
1
39
13
13
13
13
1
16
43
43
6
1
1
1
18
116
16
1
1
1
13
11
1
1
1 117 52
1
1
1
14 44
35
35 104
1 118
16
16 99
16
11 110 119
11
1
1
11
11
11
11
1
1
65
1 19
1
1
1
1
77 102
1
120
39
17
121 33
4 1
1
1
11
12
13
12
12
11
12
12
12
12
12
12
12
12
12
12
12
12
12
12
12
6
14 2
1
1
1
1 118
11
16
1
1
1
1
1
113 1
1
1 18
108
1
1
1
1
1
1
122 13 123 1
13
1
14
16
16
124
5
16
59
59
1
1
1
1
16
15
99
99
1
16
1
1
1
1
1
1
1
1
1
1 86 113
1
42
46
125 1
118 18
1 14
1
1
59
45
45
1
1
1
7 51
1
11
11
11
11
11
1
1
1
1
1
1
1
1
1
1
11
1
1
1
1
16
1
11 110
11
1
98
41
105 98
126
126
118
118
9
19 1
1
1 80
1 127
80
82
82
1
1
44
128 13
13
13
13 44
32
32
32
1
37
37
37
37
37
1
1 11
1
18
11
11
1 11
11
18
11
11
11
1
1 18
1
1
11
11
11
5
1
31
16
1 18
1
1
1
1
11
32
1
1
5
1
15
15
52 1
18
1
1
1
1
1
1
7
1
1
1
1
129 1
11
1
13
33
13
1
1
1 62
11
59
1
1
12 11
11
1
1
1
1
72
1
1
1
1
1
11
11
11
1
33
11
1
11
5
5
5
1
1 97
1
14
1
1 18
7
1 7 44
1
1
14 79
1
99
16
130
14 104
1
1
1
1
131 1
132 9
1
1
11
50 133 80
1
1 126
118
11
11
11
1
1
33
1
1
1
134
1
11
14
72
1
14
135 14
14
113 1
1
1
1
1 113
1
71
71
71
71
102
44
16
2
116
116
11
18
1
1
1
12
12
12
1
1
1
1
1
1
1
1
136
136
1
1
16
16
5
17
1
69 1
1
1
1
1
1
11
1
1
11
16
1
1
1
1
1
12
1
1
1
1
1
1
18
1
7
1
1
98 1
11
1
44
44
44
11
26
26
1
14
1
59 1
17
1
16
16
16
1 122 51
1
1
1
1
1
1
1
14
14
1
60
60
1 137
1
1
1
9
12
12
12
12
12
16
1
1
16
81
81
14
1
1
18
138
1
1
1
19
1
1
15
16
16
15
1
1
1
1 118
11
11
11
1
1
1
1
1
1
1
1
1
1
1
1
1
1
1
1
1
1
1
1
1
1
1
1
1
1
18
1
11 39
9
18
1
72 99
99
99
1
1
6
11 1
1 127
127 1 52 139
1 140 52
1
1
1
1 127
1
1
1
1 6
1
1
141 1
16 142 143 144
16
16
16
16
16
1
1
37
1
1
1
1
18
1
12
1
11 52
1
23
25
1
25
1
1
1
18
145 19 61 1 76
1
1 19
65
1
1
1
11
75 61
1
1
1
1
1
1
1
1
1
11
11
14
16
16
1
12
11
12
12
1
1
76
76
13
76
18
33
33
33
13
1
1
7 1
1
1
1
1
1
1
1
18
1
1
1
1
1
1
1
16
16
86 1
1 105
1
11
11
1
1
12
1
11
6 1
1 6
1 4
39 12
11
4 1
1 146
97 1
1 75 94 147 54
16
16
1
1
1
1
1
1
1
1
1
1
1
1
1
1
1
61
5
61
18
1
76
76
61
1
1
19
61
61
1
1
1
1
53
148
11
11
1
1 127 149 150 151
1
1
1
81
1
1
1
1
1
1
1
1
18
14 130
130 14
36
36
23
23
33
1
41
1
59
59
59
59
9
1
107
1
1
6 1
1
59
1
1 19
1
1
1
138
18
1
1
152 1
116
1
1
1
1
13
13
1
14
59
1
1
1
37
37
37
153
33
153
136
153
37
59
59
1
11
11
16
16
1
1
1
1
1
11
154 16
16
1
12
11
11
11
11
11
11
120 119
12
1
1
1
16 155
16
16
104 16
1 18
1
12
11
1
1
1
11 1
1
5
26
11
1
1
16
16 14
1
16
1
7
1
1
156 1
1
1
157 93 1
1 93
1 19
7 93 156
158 1
80 1
1
1
1
1
12
1
39
1
9
13
101 138
44
16
44
1
11
11
41
7
37
18 1
1
1
16
61 1
1
1
1
1
9
1
1
16
16
16
81
81
1
1
11
11
11
1
1 18 52
1
1
1
1
1
1
14
1
13
14
1
1
1
1 51
1
1
16
16
16
1
11
1
12
12
1
1
1
1
1
126
9
1
1
18
1
1
1
9
1
38 159 1 160
1 61
1
1
1 161 159
32
1
11
19
1
1
19
1
18 1
7
1
1 162
16
39
39
39
39
39
11
1
11
1
1
1
16
16
7
1
1
1
11
59
18
18
1
1
1
12
9
39
1
1
1
108
76
130
16
1
1
18
1
18
1
1
1
1 61
1 61
1
7 1
1
1
1
13
13
61
1
23
23
23
18
23
1
1
16
16
16
1
1
14
1
1
11
11
1
1
16
1
1
1
14
116
1
39
14
1
1 61
23
1
1 18 163
1
1
1
11
11
11
1
11
11
11
11
12
1
39
1
128
1
1
5
16
1
1 51 29
7
1
80
1
1 18
1
1 51
1
1
1
1
1
1
7
126
1
65
23
61
164 1
1
1
1
1
1
16
16
1
1
1
1
7
118
7
7
23
13
97 1
162 1 165 166 147 30 167
1
1
1
1
1
23
23
23
23
23
23
23
1
80
23
14 16
72
1 118
1
1
13
1 18
1
1
14
1
1
11
1
1
1
1
1
16 104
1
1
19
1
1
1
14
14
39
1
11
11
75
1
80
7
11
11 12
6 116
1
5 14
11
11
116
42
12
1
11
1
1 18
1
1
12
1
11
11
45
45
45 148
44
11
11
11
11
1 168
26
1
1
80
14
1
1
19
1
1
1
71
32
72
18
104 44
1 169
1
65 80
1
1
1
1
18 1
1
1
1
1 97 170
1 171 172
11
11
1
11
1
11
11
1
1
1
1
11
11
11
11
11
11
1
1
1
13
1
11
11
115
115
33
33
1
173
1
1
102
1
1
1
1
1
1
19 1
1
1
1
1
1
1
1
1
1
1
1
1
1
58
7 1
14
11
1
1
11
11
174
175 11 176
11
1
14
1
11
11
1
16
16
11
11
11
135 14
11
44 91
1
5
113 61 177 1 110
6
105 1
62
14
14
11
1
14
1
1
1
18
18
1
1
1
1
86 18
11
1
16
16
52 178 179 11 39 4
1
101
39
61 1
18
1
1
1
42
1
18
18
19
1
1
11
11 113
11
11
1
1
1
1
1
39
1
1
1
1
1
1
1
1
1
1
1
1
1
1
1
1
1
14
1
1
1
1
1 81 4
15
36
1
11
1
1
5 180 181
44
1 44
102
182 80
1
1
10
1
1
183
1
1
11 184 30 177
18
1 18
1
102
1
18 103
18
23
1
1
1
1
14
1
13
80
138
11
1
26
11
41 1
1 7 172
4 1
37
1
1
1 75 185
45 23
45
45
1 18
1
7
16
18
1
1
1
1
1
1
1
9
33
11
14
14
1
27
21
18
1
1
1
1
1
1
1
1
1
1
1
1 19
1
1
1
1
1
1
1
1
1
1
1
1
1
1
1
1
11
11 186
11
11
11
11
11
1
23
23
187 18
1
1
1
1
1
1
1
1
1 18
1
1
1
1
1
12
23
11
1
1 75
1
1
39
18
18 1
130
1
1
130
1
1
1
1
1
1 118
1
102
1
1
11
11
11
1
1
1
101 71
59 148
59
11
11
11
11
11 113
11
11
11
11
1
1 50
11
11
11
11
11
11
11
11
11
11
11
11
11
11
11
11
11
11
11
11
11
11
11
12
11
11
11
11
11
11
1 18
11
11
44 104
116
1
26
26
1
42 46
101
18
7
1
1
1
1 58
75 37
1
1
1 61
1 19
19 1
1
1
1
1
1
1
1
1
1
1
1
16
1 9
50 1
1
60
1
1
1
1
1
7
1
188 16
1
80 189
61
1
1
18
1
1
1
1
1
1 93
1
1
1
1
11
11
11
1
18
1
1
1
1
1
11
1
1
1
1
1
1
16
18
11
7
1 18 35
1
1
12 39
16
80
98
7 98
7
1
14
11
2
1
1
1
1
1
126
126
16
1
1
18
18
1
1
1
1 18
18
1
23
23
11
1
1
1
23
23
18
18
18
18
18
11
1
1
1
14
1 14
1
1
1
14
1
98
98
98 11
11
11 12
12 11
11
65
1
1
1
1
102
1
1
1
1
1
1
1
1
1
1
1
14
14
1
1
33 32
33
33
1 190 191 192 193 52 93
1
1
1
1
1
1
1
1
1
194 58
11
11
16
11
5
16
1
1
18
11
53 120
11
11
11
11
11
11
11
11
11
11
11
1 18
11
11
12
11
14
1
1
1
1
1
1
1
1
1
1 44
1
1
1
1
1
1
1
104 14
39
11
177 11 44
1
1
1
1
1
1
1
1
1 195
65 1
1
1
1 97
1
1
9
1
1
1
1
1
7
1
1
1 196 197
1
1
1
1
18 80
13
1
18
198 46
46 199
1
1
81
200 1 93
1
23
1 13 108 136
1
1 81 23
81 1
1
1
9
11
1
1
1
13
1 19
1 201
1
1 165
1 202
1
14
14
1
50 80
1
1
1
95 12
1 113
1
1
1
1
1
1
1
1
1 19
1
1
1
1
11
1
18
7
13
37
37
203
37
37
37
37
33
32
1
1
1
1
18
14
204 14
1
1
1
1
1
1
1
1
1
1
1
1
16
1
1
1
39
11
1
1
1
41
1
1
1
1 110
1
1
1
1
1
1
11
1
14
1
11
18
1
1 205 206
1
1
1
1
1
1
1 127
1
71
71
11
11
9
1
1
11
11 39
1
1
1
12
12
45 23 37
37
18
1
1
1
1
11
11
1
1
1
1 19
1
1
102
98
11
11
1
1
42
1
1
13
13
80
207 138
138
13
15
76 13
13
13
15
13
1
1
169 1
11 208 169 86
1
1
1 18
1
14
66 11
12
12
1
1
1
1
1
58
16
7
11
11
13
13
16
12
1 209
18
18 210
12
11
1
23
23
120
1
11
1
1
1
44
1
1
18 61
1
1
1
18
1
1
1
1
1
1
1
1
1
1
1
15
1
14
14
1
1
1
1
11
13
115
68
1
1
19
1
1
1
11
1
1
1
1
16
102
1
2
1
14
11
1
1
1
33 211
14
1
1
1 39 72
11
1
1
1 43
1
1
1
1
33
190 1
35 212 1 52
177 11
72
1 213 214 105 97 125
1
1
1
1
1
1
1
1
120
1
16
16
16
16
16
39
1
1
1
1
61
1
1
1
1 18 19 44
5
12
1
1
16
16
108
99
99
1
1
1
1
1
11
11
134
1
1 18
1
1
1
1
1
14
1
1
1
1
7
1
1
101
1
13
76
115
115
1
81
1
1
1
1
1
1
1
1
1
1
4 1
1
1
1
1
1
1
1
18 7
16
16
1
1
80
80
105 80
1
4 1
1
1
1
18
1 19
39
39
1
1
12
12
1
1
1
1
11
11
1
1
42
1
1
1
1
152
152
152
152
54 1
1
1
102
1
1
69
1
215 34 189 33
7
98
14
1
1 50
59
18 1
80
1
19
14
216
216
216
16
16 14
14
14
14
14
14
14
14
14
14
14
14
14
14
14
14
14
14
14
14
79 14
16
14 104
14
14
14
14
14
14
14
14
14
2
128
76 207
126
16
15
9
80
1
11
2
2
9
199 46
199 42
1
1
115
3
3
1
1
45
1
1
1
1
1
1
1 18
1
11 217
13
1
1
1
9
9
39
39
11
1
1
1
1
76
1
1
16
1
1
1
1
1 218
1
1
1
1
1
1
18 1 80
1
1
53
120
16
1
13
1 80
4 1
1
1
27
39
18 1
1
9
9
9
1
42
12
72
39
12
18 1
1
1
1
1
41
101
101
11
17 4
16
16
1
39
99 1
1
18
33 34
33
11
1
1
11
1
1
1
16
1
1
1
1
1
19
11
1
1
3
13
16
1
1
18
1
1
4 44
1
1
1
1
1
1
1
1
9
14
1 219 104
1
1
1
1
18
18
1
39 220 1 61
1 61
1
1
1
1
1
1
58
1
11
11
11
1 18
1
1
1
59
1
1
1
1
7
42 102 1
14
71
45
1
1
18
18
1 18
1
1
1
1
1
1
1
14 104
1
1 7
1
1
19
1 18
1
1
26
59
221 1 50 4
13
1
1
1
1
19 1
1
1
1
1
1
1
1
1
1
1
1
1
1
1
1
11
11
11
1
1
1
1
19
1
1
1
1
1
222
222
222
222
1
1
1
6
1
1
1
1
1
76
76
1
1
11
1
1
1
46 42
18
18
1
1
1
1
1
98
1
7
1
14
1
1
33
33
33
33
41
116
116
1
11
33
18
1
1
1
11
11
11
11
11
35 1
1 223
1
1
11
1
44
1
1
18
18
18
80
11
1
1
1
115 13 102 1
81 17
11
1
1
1
7
1
1
1
1
11
1
14
7 1
16
16
59
59
11
11
1
1 18
11
11
1
12
1
1
11
45
23
1
1
1
1
1
12
1
14
12
11
81
37
37
37
37
37
37
37
37
33
1
26
26
26
26
26
26
26
26
26
26
26
26
1
26
26
26
26
26
26
26
1
11
18
1
1
1
39
1
39
39
1
32
1
1 18
1
1
1
1
61
1
1
1
1
6 1
39
39
39
19 7
1
1
1
11
1 50
111 11 30 1
1
1
32
1
13
1
1
11
1
1
1
1
12
12
1
1
1
1
1
1
35 135
14
14
18
1
1
16
104 16
16
11
11
18 1
1
7
1
1
1
1
1
1
44
44
5
16
11
18
11
12
12
7
1
18 1
41
1
1
11
224 216
216
216
1
1 6
16
16
61 1
1
1 61
102
1
41
1
1
1
102 69
173
101 80
1
16
138
18
1
1
1 180
16
12 177 119
1
1
1
1
21
1
1
1
1
138
45
1 7 41
1
1 19
19
1
33
1
18
9
16
4 11 30 44
18
225 11
19
1
1
16
16
1
18
1
18
18
52 1 6
1
1
23
1
1 11 59
39 1 152 2 19
1 97 18
1
1
1 18
1 62 41 43
1 102
1
1 18
43 41 50 1
39
59
1
18
1
41
1
1
1
16
16
1
80
1
1
1
39
1
1
1
1
1
1
1
1
1
1
1
1
1
1
1
1
1
1
1
1
1
1
1
1
1
1
6
1
1
1
1
1
1
1
1
1
1
1
6
1
14
1
1
1
98
98
12
11
1
80
1
1
18
18
18
1
12
44
13
120
53
11
1
1
1
27
27
27
118 58
9 27
27
27
118
75
27
27
118
118
27
1
1
1
1
1
11
1
14
41
1
12
12
1
1
1
1
33
11
11
7
11
18 1
216
36
1
1
1
16
1
1
16
16
16
14
16
59
11
11
37
1
1
1
39
11
1
5
1
28
1
1
1
102 77
16
7 1
1
11
11
1
1
1 52
11
1
1
1
11
1
1
11 83
18
39 12 11
1
1
1
1
1
18
43
45
39
39
18 1
1
14
1
222
1
1
1
1 127
1
16
11
11
12
1
1
2
1
1
12
1
1
1
16
23
1
1
1
1
11
16
18
1
46
19 1
1
1
1
1
11
16
1
9
37
1
98 60 76
41 60
1
1
14
18
11
11
11
11
11
11
1
1 71
1
5
1
1
41
1
1
1
1
61
1
1
1 13
1
32
1
41
32
32
32
32
33
32
32
11
113 1
18 1
39
39
80
1
11
11
11
19
226 227 228 7
1
21
1
1
1 55
1
16
1
1
1
11
11
12
12
12
16
11
11
1
1 102 44 147 229 177 92 110 86 155
33
50 12
1
1
1
1
59
23
1
1
1
18
1 19
18
60
230
16
16
1
1
1
11
11
14
44
14
1
45
59
1
43 101
43
118
1
1
1
61 1
1
75 1
61
1
1 61 75
1
71 61
1
61
61
75
43
43
43
43
75 1
61
1
1
43
43
1
1
11
11
14
1
14
16
16
15
1 18 61
24
11
7
41
1
18
18
99
7
1
11
18
1
81
19
1
7
9
1
1
9
9
216
1
18
1
1
130
12
18
61 1
1
1
39
18
5
5
1
1
1
59
59
43
43
1
1
42
1
1
1
1
1
1
1
65
62
1
81
81
81
81
81
13
14
14
18 1
1
1
1
1
35
1
1
1
1
1 11 30 104 14
11
1
1
1
18 1
5
9
1
1
59
41
14
14 5
5
5
37 28
28
37
28
124
59
12
231
231
128
128
16 5 14
14
124 46
39
39
39
59
11
11
11
11
1
1
1
1
14
14
18
44
1
14
14
16
16
11
11
11
11
11
105 11
11
11
11
11
11
11
11
11
11
11
11
11
102
11
11
1
1
1
1
1
1
1
1
1
1
50 1
1
1
1
18
116
116
37
1
11
11
1
1
97 9 232
1 18
1
1
1
1
77
14
153
153
153
71
16
14
1
115
76 115
76 115
1
1
1
1
1
1
1 110
1
1
1
1
1
1
1
1
1
98
1
14
1
1 4
1
1
1 6
1
20
1
1
18
52 1
61 1
11
1
1
18
1
52 1
1 52
1
1
1
1
33
1
1
233 44 234
1
1
1
222
18 1
1
1
1
1
1
1
6
6
1
43
1
1
1
11
120
1
1
62
1 6
18
1
11
98
32
1
37
33
33
33
33
211 33
1
33
33
33
33
33
33
33 13
33
33
33
14
33
33
12
39
13 104
13
13
13
13
13
13
33
33
13 93
13
13
33
33
33
33 32
33
39
32
33
33
33
15
33
33
33
1
1
1
39
72
33
33
33
13
33
33
59
7
1
76
18
1
1
1
1
11 30 39
1
1
45
23
1
11
11
1
1
1
4 11
12
12
1
12
12
1
1
59
26
26
1
16
16
16
1
1
23
1
1
11
235 1
12
1
1 25
42
42
14
16 5
14
14
39
39
1
1
1
1
1
1
11
11
14
14
11
11
11
11
11
11
1
7
1
18
1 18
14
1 236
1
33
37
1
1
14
14
1
27
1
1
1
1
118
1
13
1
1
1
18
1
1
16
16
5
5
5
32
9 42
42
1
18
1
1
14
1
1
1
1
61 1
1 105
1 97 105
18 1
1 18
18 1
18 1
18 1
41
1
1
1
1
18
1 113
11
1
1
11
11
14
14
1
1
1
99
18
15
1
1
37
37
41
41
1
18 1 6 61
1
1
81
1
1
1
16
16
16
7
1 93
1
1
1
42
42
1
14 1
1
1
1
1
1
1
1
1
1
18
1
19
1
1
1
1 14
16
80
1
1
1
14
14
14
1
1
1
1
1
18
18
1
2
1
18
1
1
1
1
1 7
1
222
222
222
36
222
222
222
1
1
5
44
1
1
1
18 1
1
16
1
1
1
1
1
14
101
101
1
1
1
14
5
5
16
16
11
11
11
52 1 237
1
1
107
107
1
1
16
16
11
1
12
1
12
12
1
1
1
1
1
11
11
11
11
11
1
1
1
1
1
1
11
1
1
1
43
11
44
1
1
1
1
1
1 7
1
1
1
1
1
1
1
1
1
1
1
23
104 14
1
11
13
1
1
58
11
1
41
1
1
17
1
12
12
1
1
1
25
1
11
61 1
1
1
1
9
11
11
101
101
1 61
1
1
17
17 37
17
17 57
1
1
11 4
1
1
1
1
1
18
1
11
1
1
18
13
1
1
1
1
1
1
92 11
39
1
16
16
16
1 61
1
1
39
1
1
1
1
1
1
1
135 14
1
1
1
1
1
1
17 57
1
1
1
1
1
1
1
1
1
1
1
13
72
1
1
1
1
1
1
1
1
16
17
17
1
1
1
19
1
61
13
1
11
1
1
1
39
18
18
18
7
1
1
1
1
1
1
1
18
14
1
58 86 110 113
98
98
1
1
1
238 1
1 239
17
14
11
11
11
1
13
1
1
1
11
1
2 1
115
14
115
1
1
1
1
1
6
1
18
11
11
12
203
1
1
2
203
203
1
128
203
1 96 13
1
1
1
1
18
1
136
23
23
23
23
59 39
23
1 6
1
1
1
1
1
1
1
1
1
1
1
148
240 43
1
11
11
12
1
1
16
18
18
18
18
18
18
14
1
241 33
18 1
18
1
1
1
1
230 5
19 1
1
1
1 4 52 113 242
13
14
80
1
12
113 12
12
12
18
16
1
1
1
14
14
14
16
1
1
18
1
1
243 130
1
18
6
1
1
11 30 44
44
16
1
1 51
1 118
1
1
1 51
1
1
96
1
1
44
1
1
1
1
11 12
1 19
59
59 39 9
14 104
1
25 68
68 2 43 1
153 37
46
244 42
18
1
1
26
11
18 1
18
59
59
1
1
1
59 12 11
1
1
11 102
11
1
1
1 19
1
66 1
80 1
245 1 22
1 19 52 202 110
1
1
1
39
1
1
1
61
1
1
1
1
1
1
1
1
1
1
1
61 1
44
1
1
11
1
1
1
1
1
12 177
1
11
15
124
124
33
152 33
1 30 61 6
71 43 1 6 42 246 8 105
11
11
11
1
16
16
37
1
18
1
39 11
1
39
1
9
1
1
1
11
11
1
18
18
39
39 44
1
1
18
1
10
11
1
1
9
9
9
9
9
9
9
9
9
1
11
1 18
14
14
1
1
1
1
1
1
1
1
1
18
1
1
11
120
120
120
120
120
11
1
1
1
1
1
5
50 1 7
11
11
11
1
18 1
1
1
118 1 39 52 110 30 113
1
1
81
81
81
81
14
1
1
18 1
1
1
1
1
1
1
1
13
1
1
97 1 54
1
138
18
18
1
1
118
1
61
1
1
1
1
61
1
1
1
1
61
1 93
19
7 247 248
247 248 249 7
7
1
1
1
1
12
16
1
1
1
1 18
18
1
1
16
16
1
28
28
1
12
12
80
1
18
18
18
1
1 18
13
1
1
1 110
18
1
16
1
1
1
18
1
1
1
1
1
39
1
18
1
44 11 1
1
1
1
1
1
75
1
1
1
1
11
14
1
80
18
19
11
14
39
1
1
101
1
1
6
1 97 50 30 250 251
1
1
1
1
1
1
1
1
1
11
9
9
1
9
81
108
14
14
32
23
23
23
1 4
1
18
18
1
18
1 7 18
1
1
39
1
1
1
1
1
1
1
1
1
1
1
18
1
1
1
108
1
35
1
18
1
1 42
1
1
1
1
41
1
13
1
61
1
26
26
1
1
1
1
1
44
5
1
1
1
1
1
1
17
1
1
65
1
1
1
1
1
1
14
11
1
11
11
11
1
1
1
45 59
45
45
36
15
98
1
11
11
12
12 39 59
138
138
71
39
12 39
81
1
80
7
1 127
1 39
23
1 23
66 252 7
1
44
130
19
130
253 11
18
1
9
1
11
1
1
1
1
1
1
1
1
15 1
1
1
1
18 1
18
44
23
1
11
124
124
1
13
13
13
13
1 6
18 91
7
61
19
1
41
1
1
14
14
120
1
1
1
1
7
1
1
1
1
16
16
16
39
1
1
1
1
11
76 26
1
17
17
39
17
33
28
14
14
1
12
11
1
1
216
23
1
59
11
11
14
11
1
1
1
1
1
33
33
93 14 132
75 1
12
11
14
1
59
59
1
1 18 19 7
1
11
16
16
16
1
16
16
16
16
16
1
1
16
1
1
19
1
1
1
15 222 13 36 33 34 254
59
39 72 11
16 13 210
37
45 1
15
13
1
46
107
23
5
255
1
61
1
1
1
1
1
1 61
1
98
53
53
53
53
53
23
76
59
222
1 4
9
18
1
23
1
256 1 18
18
1
257 11
1
1
1
1
11 117
39 11 59
19
1
1
1
18
18
1
130
19
1
46 198
115
1
1
1
1
1
1
16
1
1
17
7
17
35
148
1
1
1
1
18
1 25
14
1
1
36 254
1
1
1
1
1
1
1
1
1
1
1
1
1
1
1
1
1
1 6
1
1
1
1
59
1
39
1
11
120
1
41 62 1
1
1 61
1 61 118
118
1
1
1
1
1 61
1
58
43
1
1
1
1
1
1
60
1
1
18
1
1
1
1
1
1
1
6
76
43
13
1
1
1
1
33
1
1
1
75
1
1
1
1
18 1
1
1
1
230
14
230
14
1
1
1
1
1
7
7
1
1
61
1
7
1
1
1
1
80
1
11
61 1
1
26
1
1
16
7
11
13
39
92 11
11
1
77
77
11
11
1
1
1
1
1
1
1
1
1
1
13
13
1
1 190
1 97
1
1
1
14
1
33
33
33
33
33
1
1
1
1
1
1
1 18
1
12
1
1
1
23
23
1
1
1
1
1
1
1
14
14
43 1
11
11
1
65
1 65
65
11
1
1
11
1
1
80
12
11
11
1
1 70
1
17
1
1
241 1
1
1
1
1
1
18
50 1
1
26
16
16
16
26
26 27
1
1
1
1
1
1
18 1 11
1
1
1
18 1 61
6
1
1
1
1
11
12
80
1
19
1
61
1
80
258
23
23
11
1
1
1
1 104
61
1
1
1
1
1
61 1
80
1
11
11
7 1
1
1 61 6
1
1
1
1
1
18 1
1
1
1
18
1
1
53
33
1
136
136
1
1
1
1 25
1
1
39 11 30 113
11
1
1 19
18 1 58
1
1
1
1
1
1
1
13
13
1
81
81
1
1
1
61
37
37
203
37
37
37
37 33
37
37
37
37
37
37
3 7 1
1
1
1
1
1
1
1
1 115
1
61
1
61
179 52 237 1
1
61
61
237 19 52
37
37 203
1
1
1
1
1
1
1
1
1 6
1
1
1
1
61
58 126
37 203
1 61
1
76
33 32
76
76
76
76
66 76
203
37
37
76
76
1
37
37
1
61 1
61
1
1
1
1
14
18
80
35
35
1
35
35
1
1
1
1
16
16
16
1
42
1
16
16
16
16
16
16
14
1
1
1
1
1
1
1
1
1 75
120
1
16 14
1
1 58
16
16
16 5
1
1
18
11
11
11
1
41
41 80
9
13 15
81
102
102
1
1
1
1
1
1
1
115
60
13 9
11
7
9
1
1
1
27
1
1
1
1
1
1
59 72 39
59
59
13
11
1
1
1
23
1
53
108
18
69
11
6
14
14
14
14
14
14
14
14
16
7
14
14
18
1
21
91
14
1
18
1
11
1
1
16
45
153
1
61
61
1
1
1
19 1
19 1
32
16
1
59
68
1
1
16
39
18 1
1
1
1
16
1
80
1
1
1 61
1
18
18
16
39
39
1
1
1
1
1
62
62
1
1
1
1
61
1
105 18
35
44
39
91
91
91
91
91
91
91
1
91
1
12
14
11
11
39
1
1
1
1
5
15
15
1
1
1
11
11
9
16
16
1
1
14
1
1
115
1 18
1
259 18
259 18
6
6
61
14
39
39
1
1
11
1
93 1
1
1
1
23 45
1 23
9
1
1
1
1
1
7
1
1
1
59
18
1
1
1
1
1
42 97 8 105 80
4 189 33 260 261 262
45 172 263 264 59 265
45 30 11 12
1
266 12
1
1
1
1
104 14
18
1 232
1
1
7
61
1
18
18
18
1
1
11
11
11
11
11
59
14 135 117
83 11
116
1
11
1
1
1
1
1
1
1
1
1
1
19
1
44
8 9 50
44
50 80
19 1 80
9 80
44
44
267 9 97
4 17 80 44 35
1
243 39 268 30 269
61
61
11
11
1
1
1
42
1
1
1
60
60
60
1
1
1
1
5
1
1
1
1
11
16
25
14
14
14
81
81
98
1
1
1
39
1
1
1
1
1
14
14
6
45
45
11
11
1 61
61
15
1
1
14
1
1
6
1
1 6
102
46 47
1
11
14
14
44
104 14
1
18 1
1
1
9 105
18 7
1
41
101
41
41
41
136
81
1 245
1
1
1
1
1
18
77
11
14
1
1
1
1
1
1
1
1
1 7
68
1
5
5
61
1
1
11
18
1
1
1
1
1
11
1
1
107
80
11
18 1
11
11
1
37
1
1 86
1
1
1
113 86 1
1
1
1
14
14
2
2
1
76
11
1
11
1
1
1
1
1
11
11
1
1
1
33
39
27
1
42
26
11
1
1
1
1
11
1
1
1
1
1
1
1
1
1
1
1
1
1
1
18
18
18
1
11
11
11
11
76
76
1
9
42
13
11 37
44
16
16
1
9 105
16
16
14 79
9
9
11
1
1
1
1
1
11
1
1
1
1
81
1
1 104 270
30
1
98
61
1
1
11
1 18
1
1
1
1
1
16
1
1
1
61
61
1
1
1
11
11
1
1
1
1
39
39
11
18
1
1
1
1
13
1
37
45
1
44
44
1
18 1
138
1
1
39
11
39
134
1
1
1
11
1
18
13
16
81
1
1
1
1
1
11
11
138 71
1 97
271 14 272
11
1
9
1 59
1
1
1
1
44
44
1
1
1
16
16
16 44
1
1
1
1
1
45
1
1
1 273
12
11 39 45
1 6
1
1
1
1 11 30 113
1
1
1
11
1
1
1
13
1
1
4 39
11
80
1
1
2
71
1 7
16
16
76
1
1 18
1
7
16
16
16
15
15
15
44
1
1
1
11
1
1
11
1
98
14
11
11
1
59
59
1
1
19
1
148
148
148
1
1
1
1
1
1
1
1
1
1
1
1
1
1
1
148
1
1
12
1
1
11
39 23
1
18
1
1
1
12
12
11
11
11
1
1
46
14
13
13
1
13
1
18
1
11
12
1 118
12
60
1
11
11
11
1
1
42
54 1
1
18
1
1
1
16
44
80
19
59
37
1
1
61
53
98
71
98
80
13
11
41
41
98
1
14
1
1
102
1
1
1
1
1
1
1
1
1
11
102 1
1
15
15
1
1
1
1
1
1
1
1
1
1
1
1
1
1
1
1
1
1
1
1
1
1
1
1
1
1
1
1
1
1
1
1
1
1
1
1
1
1
1
1
1
1
1
1
1
1
1
1
1
1
1
1
1
1
1
18
18
128
80
274
1
9
16
11
18
18
11
11
11
11
11
11
11
11
11
11
11
11
11
11
1
11
18
18
1
1
11
9
11
14
39
1
1
1
1
1
39
41
18
16
16
16
1
27
27
1
1
39
1
19
37
17
17
1
1
1
1
69
1
1
1
76
76
1
1
11
11
1
58
14
14
16
16
1
59
1
14
1 167
11
11
11
11
11
11
11
11
11
11
11
11
11
1
1
1
1
1
1
1
1
1
275 1
1
4 39
1
1
6 1
1
76 116
18
1
9
1
1
1
14
1 202
16
102
16
13
1
1
12
45
1
98
27
1
1
1
1
35
59
13
13
16
10
10
42
1
1
1 276 256
107
10
10
1
1
1
1
1
9
9
1
1
1
16
12
16
1
11 1 172 277 190
12
11 12
11
1
1
1
1
1
1
1 104
1
1
1
1
1
1
16
16
1
1
1
1
1
1
1
1
72
80
44
65
14
9
1
1
91 69
14
14
14
14
14
14
14
14
14
14
207
16
16
16
80
14
6
108
80
9
26
26
26
26
26
26
18
18
71
1
37
71
11
1
12
12
12
1
1
1
1
1
1
1
1
1
11
11
1
1
1
11
1
18 1
199 42
1
1
23
23
1
28
11
14
23
20
11
11
11 278
59 39 45
45
1
1
45
39
39
45
45
45
8 80
9 80
1
45 39
80
80
80
45
98 41
17
45
18
1
18
1
1 18
44
1
11
12
12
1
16
1
1
1
1
1
1
1
1
1
26
1
1
1
1
1
1
18
16
80
71
27
1
7
1
18
1 19
1
1
1
1
1
11
1
1
11
1
1
1
1
1
1
1
1
1
1
1
1
42
42
44
1
1
1
23
45
45
23
23
23
23
23
23
17
23
72
72
1
1
1
14
12
1
1
17
6
1
1
1
1
138
1
1
11
14
1
1 97
1
59
11
1 11
1
1
104 13
1
1
1
1
1
1
1
1
1
1
1
1
6 1
1
1
15
15
16
1
14
13
13 1 29 123
13
13 34
13
64 7
44
13
1
11
1
1
7
1
243 51 123 1
11
11
16
11
11
1
23
23
23
23
5
5
1
1
1
1
1
1
1
1
1
16
1
1
23
23
23
23
124
124
1
1
1 51
18 1
76
76
14
59
59
16
39 11
86 1
1
11
11
1
11
1 80
11
1 19
1
1
11
26
26
1
1
45 59 23
1
1
1
18
1
13
1
21
21
37
33
37
11
6
1
1 18
1
1
1
1
11
11
9
9
1
11
1
4 1
46
14
14
14
11
11
18 1 235
1
1
1
1
1
1
1
1
1
50 1
1
1
1
1
11
1
1
65
65
107
258
5
5
1
1
1
41
1
1 122 123
13
11
7
7
13
13
11
18
1
1
19
1
1
1
1
15
15
15
15
15
1
1
1
1
1
1
7
1
130
1
254
1
27
18 1
1
1
1
1
1
1
105 80
1
11
11
1
1
1
52 7
1
1
35
11
14 104
23
81
11
1
1
1
1 6 8 105 97
1
17
81
99
18
18 19 1 105
16
11
1
1
16
12
14 279 202 280 11 30 72 80
1
5
5
14
14
1
1
1
1 19
37
1
61
44
1
16
43
43
37
37
37
1
1
1
14
14
11
44
11
11
1
14
14
1
1
14
1
11
12
11
11
1
1
1
1
1
1
1
44
44 39
1 18
1
60
12
98
98
1
9
98
39
1
1
101
101
101
101
1
1
1 42
11
14
14
14
1
1 50
1
1
1
1
44
1
61
1
1
1
1
115
15
1
1
1
42 46
97 18
7
1
1
1
1
1
1
1
1
59
59
1
1
1
1
1
43
11
11
16
1 18
1
1
1 61
6 1
11 86
1
1
45
11
1
1
1
11
7
148
1
80
1
11
1
1
1
1
23
1
18
1
18
18
1
1
1 7
1
11
11
16
16
16
16
1
16
33
18
18
18
18
18
1
18 1
14
18
35
1
23
44
44
44
44
1
1
23
39
1
1
1
11
11
11
11
1
37
1
1
1
1
31
1
1
1
1 172
1
1
1
1 62
44
1
1
1
1
59 39
39
11
1
1
80
12
1
1
11
1
1
28
1
14
11 30 1
1
11
11
1 9
1
1
1
1
18
1 18
18
11
11
281 1
1
18
1
1
18
7
7
7
1
1
1
61
1
26
26
59
39
1
1
1 4
4 172 1
1 282
1
1
1
1
283 1
1
1
11
59
1
12
12
1
1
1
39
11
11
16
12
12
11
1
1 18
1
1
1
1
1
1
1
1
1
1
19
1
1
1
1
37
37
1
1
39
1
1
1 50
7 1 97
1
1 147 284 94
1
1
1
1
1
1
1
1
1
1
1 4
1
1
43
1
15
1
1
1 6
1
1
1
1
1
17 57 4
27
1
7
9
1
1
1
1
1
1
11
1
1
1
1
1
1
14
1
42
19
11
11
11
11
12
14
1
1
1
124
124
9
13
15
13
1
1
18
42
1
1
1
113 11
102
1
1
1
1
32
33
33
1
11 39 12
1
1 118
18 1
1
23
1
1
12
12
1
42
11
1
1
1
1
1
1
1
1
1
18
1
1
1
36
1
1
1
1
1
1
1
1
1
1
1
91
39
230
11
9
9
11 92
1
57 4 1
1
1
1
1
1
1
14
14
1
1
1
1
1
45
45
39
23
39 12
1
17
1 18
1
1
1
1
1
23
23
5
5
16
1
1
1
1
1
1
1
1 8
1
1
120
120
11
1
136
4 37
5
16
5
1
1
1
1
39 50 59 45 221
1
11
1
1
285 46
1
1
1
18
1 18
1
11
1
1
1
15
1
1
1 18
1
1 30 11
1
12
102
1
120
53
1
1
11
71
71
1
1
1
14
1
101
1
11
65
80
98
124
124
1
98
41
26
1
44
9
1
1
1
11
1
1
1
1
1
1
1
1
18
1
14
14
1
1
16
14
16
98
1
1
1
1
1
1
18
71
1
1
19
11
1
1
18
23
23
23
11
11
11
11
1
1
1
1
1
11
1
286 1
1
1
1
59
5
5
1
1
1
18 1
23
23
23
16
101
1
1
1
1
1
159 1 287 221
1
1
14
14
14
39
11
1
1
1 288
14
42
1
1
16
61
1
1
1
1
1
1
1
1
1
11
1
9
1 6
18
1
216 116
11
5
1
16
1
1
16
14
1
1
11
11
1
1
1
1
1
1
1
50 1
1
1
14
1
1
1
51 1
1
1
1
1
1
1
11
1
68
116
75
1
1
1
14
39
1
1
18 1
13 1
1
13
68
2
68
16
1
1
1
18 1
1
1
44
44
44
15
1
1
1
72
1
1
1
11
11
39
11
1
1
15
15
6 58 1
11
16
16
16
16
1
11
1
1
1
1
1
19
51 1
1
1
17
53
1
1
1
61
1
11
11
11
11
1
76
1
76
39
39
39
9
1
93 1
1
1
1 190
54 1
1
93 1
1
12 113 4 110
1
1
1
1
13
1
46 42
42
42
42 124
124
124
124
42
42
42
1
1
1
7
15
20
1
1
1
1
1
1
1
1
6
1
42
1
1
1
1
1
1
97 103 1
6
11
1 21
39
1
1 18
1
18
1
1
11
1
18
18
1
11
18
18
18
101
1
1
61
1
1
1
1 29
1
61
41
41
101
101 1
1
1
101
1
1
1 75
4 1
16
16
12
75
1
1
1
18
1
1
16
1
1
1
11
46
1
1
23
1
1
1
1
16
1
1
1
1
1
101
101
101
1
1
58
16
1
1
1
1
1
1
1
1
1
42
1
1
1
1
1
5
216
26
26
68 26
1
26
26
26
75 1
11
18
1 6
1
1
1 52
1
1
128
1
1
1
126
13
11
1
1
39
1
1
1
41
33
37
11
11
81
1
1
33
1
1
21
11 59
7
23
23
32
11
11
1
1
1
1
11
11
1
1 18
16
16
1
289 290 1
1
1
5
1
116
80
116
116
1
19
138
138
138
1
1
11
1
1
1
1
14
1
18
1
111 11
43
138 71
138
138
138
1
1
128
128
1
16
81
81
33
1
1
14
258
1
14 162
1
11
1
1
1
1
61
1
1
62
1
102
1
1
1
1
1
1
1
1
1
1
1
1
1
1 11 30 291 292 235 293 294 295 296 297 93 298 244
1
1
1 244
1
1
1
1 18
61
32 80
19
12
1
1
1
1
12
11
1
18
18
18
18
18
18
18
16
11
1
1
1
5
5
1
1
11
1
1
11
45
45
1
39 45
1
39
45
1
1
1
1
1
118
16
1
42
14
1
44
1 221
1
126
1 18
102
1
59
59
59
59
59
27
42
19
19
19
18
1
1
1
1
71
1 18
1
1
1
1
61
1
1
1
1
1
1
1
1
1
11
11
37
37
37
37
81
1
1 18
18
1
1
71
11
1
1
69
69
1
1
1
15
15
53
1
152
1
1
1
13
13
76
13
138
1
1
1
1
1
1
1
1
1
23
254
97 1
1
1 80
299 14 300
1
5
76
33
1
76
76
76
1
1
1
1
189 34 1
1
1
11
11 12
11
11
1
1
1
1
5
5
39
33 28
33
1
230
5 230
35 1 41
76
13
13 105
11
11
11
1
98
1
1
76
76
1
1
1
61 284 1
86 113 110 11 59
1
18 1
16
16
26
26
39
39
1
1
1
1
1
1
148
14
25
11
14
18
11
1
1
39
59
39
1
33
1
1
1
13
13
16
76
16
16
16
1
50 1
1
1
1
18
12
45
1
1
16
16
11
60
2
126
76
1
43
1
1
1
1
1
1
11
11
1
12
11
1
11
1
1
1
1
1
1
1
1
1
1
17
1
1
1
1
1
1
6
1
1
1 18
1
11
1
71
138
138
138
138
138
11
107
59
6
5
1
1
81
1 18
1
26
26
81
33
11
1
18 1
1
2
10
14
1
1
1
1
65
105 65
52 1
41
1
1
1
1
1
1
11
1
18
18
17
17
97 1
1 6
14
14
14
1
1
71
138
1
1
14
14
14
35
14 104
14 30 235 301 220 302 303 304 104
14
14
14
1 104
14 1
14 172
14
14
305 14
1
1
1
14
1 104
1
1
42
1
1 18
18
1
1
1
1
1
12 39
44
12
1
59
59
59
1
59
1
1
39
1
18
11
1
1
1
1
11
43
18
1
1
1
13
9
80 19 1
1
1
1
1
1
14
11
9
1
1
1
1
1
1
1
1
1
1
1
1
1
1
1
1
120
35
1
1
11
1
1
1
1
1
1
18
18
18
1
61 1
1
1
1
120
120
1
1
1
1
1 19
28
1 4
135 14
1
59
1
1
1
16
16
7
18
1 6
14
135 14
1
1
1
1
1
1
27
138 27
101
1
1
1
1
1
1
1
1
1
11
45
1
1
12
42 12
12
76
14
14
14
14
14
14
14
14
11
11
80
16
1
11
1
16
1 118
80
1
14
18
11
11
11
1
1
1
1
1
11
11
14 147
1
1
1
1
1
1
1
1 53
53
1
1
1
1
1
11
1
1
1
1
1
1
1
1
1
1
1
1
5
1
1
1
1
1 11
1
1
14
14
1
1
1
1
1
1
1 18
1
1
113 18 30 110 89
1
23
1
1
1
1
1
1
14
14
1
11
11
1
1
1
15
15
15
76
1
44 130
1
1
120
120
1
18 1
1
12
1
1
27
27
1
1
15
1 18
1
1 18
1
14
14
12
102
102
1
1
16
14
1
18
18
18
18
1
18
18
61 1
45
1
14
9
105 9
1
9
9
18
1
11
11
1
80
1
1
11
1
39
1
1
1 18
1
14
11
43
1 7
1
1
1
1
16
1
61
1
1
33
1
1
1
1
1
1
1
1
1
1
18
1
1
1
1
1
1
18
12 54
1
232 1 50
18
1
11
72
20
39 59
1
14
14
1
41
1
1
32
14
1
1
1
1
1
1
1
1
1
1
1
1
1
80
1
1
11
11
1
1
39
39
39
120
53
12
12
1
11
4 1
1
1 306
1
1
11
1
1
1
11
11
1
1
1
1
9
26
1 113
1 113 86
1
1
13
1
1
44
14
23
44
14
14
14
1
1
15
15
11
1
1
1
1
1
1
1
1
1
14 104 1 50
1
1
65
11 12
47
7
1
16
16
1
1
1
1
1
71
71
1
1
1
1
16
1
1
71 138 43
16
16
11
219 307 14
16
14
1
1
58
31
44
11
1
61 1
26
26
26
26
1
1
1
153
28
18 1
18
1
1
1
18
11
11
1
14
18 1
11
60
61
1
1
1
12
12
12
12
1
1 12
1
1
1
18
16
1
1 75
18
1
13
11
1
80
1
1
1
13
1
11
1
