1
2
3
4
5
3
6
1
7
1
1
1
8
1
1
1
1
1
1
9
1
10
10
1
1
1
1
11
1
1
12 13
5
14
1 15
1
1
1
1
1
1
16 1
1 17
1
1
1
11 1 18
19 20
1
1
1
1
21
21
1
22
1 23
24 1
1
1
1
1
1
1
1
1 25 26 27 28 29 30
1
1
31
1
1
1 31 32 33 34
21
21 16
35
1
21
36 1
1
21
2
2
1
1
37
21
1
1
38
1
1
1
1
1
1
1
1
39 1
6
1 11
1
1
1
1
1
1
1
21
40
40
1
31
41 42 43
1
1 44
1 45
1 16
21
1
33 1
1
46 47 48 49
1 50
1
1
13
1
1
1
1 51
1 31
52
53 8
1
1 31
1
21
1
37
1
1
1
1
1 11
1 54
1
1
21
1
52 1
22
22
43
1 55
1
1
1
1
1 56 57 58 59
1
1
1
1
1
1
1
1
1
1
1
1
1
1
1
1
60
1
1
1
1
1
1
1
61 1
1
1
21
1
62
27 1
21 63
1
39
24 1
1
1
64 39
1
2 1
21
21
43
20 65
21 66
21 14
14
14
14
1
67
1
68 21 69
1 45 70
1
1
1
14
1
21
1
71
1 72
21
31 1
73 21
1
6
74
74 1
1
75
75
76
1
13
5
5
5
1
1
1
1 71
1 71 77
1
1
33 78 1
79
33 1
31
1
31
1
21
1 42
1
21
1
37
1
1
6
1
1
1
1
1
1
1
21
1
1
1
1
37
1
21
21
1
21
50 1
21
72 80 81 1 82 75 47 29 83
1
84
21 16
21
21
1
1
1
71
14
6
1
14
1
21
1
1
1
1
21
1
1
21
1
1
1
1
1
1
60
2
1
85
1
1
1
1
1
1
1
1
1
1
86 1
1
1
21
43
87
1
9 74
33 72 1 31 2
21
23 39
1 76
1
1 88
89
1
1 44 90 21 91 50 30
92 1 93
1
1
1
94
95 96 21
1 39 11 32
21
1
1
1
1
74
74
1
97
8
1
1
1
1
80 1
16 85 13
98 21 29
94
1
1
21
1
31
10
1
1
1
31
1
1
1
1
1
39
1
1
1
1
2
1
1
1
22
72 1
1
1
71
82
1
21
21
1
21
1
1
24 1
10
10
1
1
1
1
1
1
1
1
1
32 72 1
1 90 99
11
1
1
1
1
1
1
1
1
1
1
1
1
1
1
1
1
1
21
40
40
40
40
1
1
1
1
1
1
1
1
37
31
1
1
85
85
85
85
100 85
101 102
85
85
85
100 33 85
85
103 104 100 85
85
103 85
85
1
1
71
1
1
1
71
1
31
1
60
1
1
60
1
1
52
8
1
1
1
1
50 1
52
21
1
1
1
1
1
32 1
1 16
31 30 93
105 1 90 106
1
1
107 108
108
1
1
21
1
1
1
1
21
1
1
33 1
1
1 30
20
1
20
1
1
1
1
1
102
21
1
1
1 31
76
21
16 97
97
109 13
13
10
22
107 1
1
1
21
94
94
1
1 32
1
33 1
6
110 20
1
1
1
1 27
1
1
1
1
1
1 47
32 1
1
107
107
107
107
107
107
2 31
1
1
1
1 111
1
1
1
31
76
6
31 16
102
37
37
11
1
31
1
1
29 1
1
6
1
1
1
1
1
43
42
40
1
1 112
21
1
20
1
50 1
1
1
31
37 1
1
1
1
1
1
1
31 1
1
1
1
31
2
1
113 11
1
1
1
32 72 114 8 45
21
1
1
1
1
1
1
1
1
1
115 55 1
13
13 1
1
1
102
102
102
1
31 116
1
102
102
4 87
87
1 47
1
1 117
102
5
102
102
87
1
1
1
1
71
1
6
1
1
1
1
1
1
1
1
6
1
1
1
1
31
2
1
71
1
1
6
1
21
1
1 80
1
1
1 33 32
1
107
118
79 1
1
76 30
1 2 31 55
1
1
31 119
1
1
1
50 1
1
21
1
1
1
1
1
1
1
1
1
1
1
1
1
1
1
22
13
22
22
37 22
22
22 10
22 10
22
120
22
10 22
22
22
22
22
22
60
22
10
94
1
89
1
1
1
14
121 122 1
1
39
39
32 81 1
1
1 21
21
21
1
1 30
1
30 50 1
1
14
21 123
21
1
76 31
1
1 33
97 124 125 40 126 127 117 33 32
32 1
1
20
1
21
1
1
1
31
1
1
31
11
31
1
37
89
1 31
6
1
47
1
52 1
1
21
21
1
128
47
1
129
1
1
1
1
1
6 60
21
21
1
1
114 1 21
77
130
94 102 131
94
1
1
1
1
1
132
1 90 29 27 33 31 88 103
1
1
21
1
1
1 16 32
1
21
133 1
1
1
1
1
1
10 22
10
10
10
10 81 33
114 47
1
1
76
1 16
16 1
40
40
40
1
1
21
21
1
134 25 135 136 22 43 37 1 137 127 16 138
1 139
1
1 122 15
8
1
31
1
39
1
1
1
1 140
1
141 1
1
142
1
1
1
76 11 1 45
33 32 1 37
1
1
60
10
1
43
118
118
1
1
1
1
1
1
1
1
10
10
1
1 143
1
1
1 47
60
37
1
1
21
1
1 76
1
37
21
1
1
77 20
144 145
20 1
77 1
144
1
1
1
1
1
1
1
1
1
1
1
1
1
1
1
1
1
1
141 1
1
1
1
1
2
1
1
21
11
146 6 1 76
1
1
1
1
1
31
37
1
1
1
1
21
1
1
31
1
1
1
1
1
1
1
1 39
1
1
122 1
1
1
1
1
1
32 1
1 33
1 31
22
22
22
27 43
1
31
1
43
1
21
1
1
1
1
11
89
147 1
31
148 1
1
21 14
21
1
102
21
1
1
1
1
1
11 21
21
22
1
1
32 1 53 149
150 53 32 1
1
1
1
1
21
21
21
21
21 90 1 76
1 63
63 1 32 45
1
1
37
43
37
1
97
97
10
43
151
151
151
151
151
151
151
151
151
151
151
1
1
1
1
1
1
94
78
1
1
1 31
6 118
1
1 37
102
1
1
31
1
1
89
89
89
89
89
1
11
1
1
1 152
1
1
54
1
1
5
1
54
1
1
132
1
1
1
11
54
54
153
153 107
1
154
1
153
21
1
71
14
1
5
1
1
1
1
1
1
1
1
1
1
1
1
1
155
156
157 71 158
1
1
107
1
1
21
1
1
21
1
1
1
29 1
1
21
31
1
1
31
11
1
1
1
1
21
159
13
1
1
1
1
1
1
76
43
43
21
160 1
1
1
94
1 161
76
1
1
1
6
1
1
21
47
1
1
1
107
21
1
4
84
1
162
1
1
1
1
1
1
1
1
60
1
21
1
1
1
1
1
1
1
1
1
118
1
1
1
1
1
1
1 24
37
1
1
21
6
1
1
1
1
132
163
163
1
1
1
1
1 164
1
1
21
31 1 30 165
1
1
1
1
1
1
1
1
1
1
1
1
1
1
1
1
1
1
1
1 8
76
1
1
1
1
1
1 122
1
1
1
1
1
1
1 149 32 34 117
22
43
1
1
1 22
1
1
31
1
1 31
1
1 50
14 21 33 32
1
1
1
1
1
1
1 76
1
1
31 1
43
154
1
1 131
131
1
1
11
1
1
1
31
10
10 41
1
1
1
1 37
21
1
54
1
1
1
1
1
166 1
33 149 1
1
1
1
1 16
14
1
1
1
5
1
1
43
43
1 51
1
21
107
1
21 14
21 33
60
1
1
21
21
21
1 167
21
10
1
21
1
1
1
1
1
1
1
1
21
1 168
1
1
1
1
1
1
1
1
1
1 78
1
1
1
1
39 82
1 33
1
1
32 1 107 118
118
127 21 90 29
21
1
39
1
39
1
4
1
1
21
1
6
1
1
1
21
21
1
6
16 102
94
13 21
21 90 41 169 170
1
1
1 171
103 32 1 91 172
1 32 33
1
94
1
32 72 33 49 173 174 175 176 1
1
1
6
6
6
6
6
6
45 1
11
177
1 21 30
72 1 10
10
10
1
1
1
5
15 31
1
1
1
1
1
1
1
177
21
1
21
1
76
1
71
39
1
1
1
6
1
11
1
1
21
1
1
1
1
1
1
1 178
6
1
21
21
1
1
1
1
21
21 159
1
1
1
1 71 78 96 179 51 16 30 50 29 27
31 1
1
31
1
43
21
118
1
118
1
60
60
1
1
1
1
1
1
103 72 1
125
5
1
1
1
1
1
14
6
1
1
1
1
1
5
180 1
1
1
1 32
1
166 1
1
1 181 116
1
1
1
43
43
94
94
94
94
94
94
1
39 1
89
3
3
3
3
3
9
9
9
39
89
21
3
3
3
9
3
1
1
1
21
1
159 13
13
67 182
21
21
1
1
118
1
1
60 127
1
1
1
1 16
1
1 11 15 33 32
1
1
1
1
1
1 33
37
94
1
1
74
76
31 1
1
1 31
1
1
171 1
1
144
1
1
18 20
20
1
1
1
183 184 1
21
1
1
21
1
1
1
1
1
1
1
43
1
142
10
43
1
1 122 45
1
1
1
43
43
153
94
1
110
1
76 1 31
1
1
1
1
1
1
10
1
31 1
1
1
1
1
1
1
1
74
1
1
41 43 16
1
1 175
1
1
1
1
33 1
1
1
13
1
33 1
1 31 45
22
37
1
21
14
1 94
94 39 32 171
32 94 39
1
74
74
11
1
1
1
1 33 174
1
1
185 32 1
1
1
94
1
1
1
1
1
11
1
21
67
67
1
1
1
1
94
13 94
94
85
14
1
37
186 1
1
1 185 33
187
187
1
1
187
1
1
137
137
74
1
1
38 1
1
1
1
1
144
1 32 174 188 105 48
60
1 53
12
20
1
1
1
1 49
1
1
93 1
1
1
1
10 189
10
39
1
21
1
1
1
1
1
1
1
190
22
45 1
94
94
1
1
1 31
1 43
1
1
1
1
1
11
1 30
45 1
1 107
1
21 90 2
1
1
1
132
1
1
67
1
21
1 185
1 76
39
1
1
1
71
71
71
1
71
11
76
1
10
1
1
60
1
1
1
1
6
1
1
1
1
1
76
6
6
6
6
6
1
43
47 53
1
1
144 110
43 95
21
1
1
1
1
1 191 11 192
1 193
21
1
1
1
13 32
11 138
91 1
1
1
31
94
1
39
1
1
1
1
1
31
31
1
1
1 71 39
1
1
21
1
6
60
1
1 105
72 54
1
32 80 1 45
1
102
33 32 23 1
1 37
21
1
1
1
1 45
1
1
1
1
1
1
1
1
21
32 33 1
1
1
21 90 16
1 32
1 21
43
1
21
1
1
21
1
37
79 194
159
11 1
1
1
1
1
1
1
1
1
1
1
1
1
159 195
167 1
1
1
1
33 32 1
21
60
1
1 71
1
21
1 31
196 197 1
31
1
1
1
1
1
1
60
1 98
107
107 22
107
1 76
21
1
21
21
21 14 1
1
1
1
32 1
38
38
32 1
5
198 11
1
1 32 72
1
1
1 39
1
1
1
1
1 199
1
31 1 76
94
6
1 200 24
1
1
31
160 1
1
2
1
1
11
1
1
33 1
1
1
1
1
37
1
85
102
39
85
11
1
1
1
1
1
1
1
1
1
153 137
153
1
1
1
1
1
1
1
1
1
1
1
1
1 153
1
1
1
1 32
1
1
1
1
1
1
1
1
1
1
32 1
1
1
1
1
1
1
1
1
1
71
1
1
1
1
1
1
1
1
1
1
1
14
1
1
1
1
21 201 15
1
1
1
32 1 202
1
37
1
1
1 64
1
31
10
203 10
1
1
1
1
39 1 27
1 185 117
32 185 80 1 117
1
1
1
1
72 32 55 1
16 21
1
1 204
1
1
5
1
1
1
1
31
13 16
1 76
1
1
1
54
122 54
122 54
20
1
156
156
1
205 37
1
21
94
1
14
155 94
1
1 11
76
47
71
1
1
1
89
76
67
1
21
31
94 1
1
1
1
1
10
10
22
21 206 207 138 208
1
1
1
1
1
1
21
1
1 6
1
27 6
1
1
1
1
10
10
1
1
1 140
1
1
1
1
1
209 1
1 82
22
1
1
156
1
1
94
21
43
42
1
1
54
54
54
54
54
54
74
210 111 1
16 1
187
1
1
1
40
1
1
47
1
1
1
1
1
1
1
1
1
1
11
1
1
1
1
1
1
1
1 31 76 15
1
1
31
1 104
1
1
1
1
1
21
1
1
94 13
85
102
1
1
1
14
1
43
1
1
1
1
1
13
155 67 21
67 14
21
21
21
1
21
21 16
1
1
1
1
1
1
1
21
1
1 111
31
21
1
1
1
1
1
1
110
1
1
1
21
1
1
97
97
60
60
1
10
1
1
1
1
1
21 31 1
1
1
1 32 80 211 212 213 115
1 138
21
76
132
6
97 5
102
94
1
1 54
94
94 205
1
94
1
21
138 11
1
1
75
79
1
79
79
21
1
1
186 214 110
1
215
21
1
1
1
1
1 16
76
102
13
1
177
13
22
1
1
21
1
1
1
21
1
1
1
1
11 29
1
1
1
1
84
20
47
21
144 164
216 217 218 219 1
1
1
1
10
1
1
1
89
89
1
1
1
1
1
10
10
1
13
1
102
14
14
14
14
14
14
14
14
14
1
37
21
1
1
13
1
1
