1
2
3
3
2
2
2
2
2
2
4 2
5
2 6
2
7
8
1
2
2
2 9
10 11
2
12 13
14
8 15
16
2
2
17
2
17
1
2
17
17 3 2
17
2
1 2
2
2
2 18
19
3
2
20 2
2
2
2
2
2 14
2
2
2
2 21
2 22 23 24
25 26 27 28
2
4 29 30 31 32 2
2
2
2
2
33 34 2
2 35
36
17 37 2
38 39
40 41 42
2
2
2
2
2
2 3
2
3
3
2
43
43
2
2
2 44
2
45
45
2
2
2
46
47 48
1
49
2 50
51 17
3
3
3
2
49
2
2
2
2
2
14
2
2
44 52 53
2
54 55 56 57 58 59 60 61
42
2
2
2
2 8
62
2 63
2
2
2
2
3
2
2
17
2
2
64 3
2
65
2
2
66
2
2
8 14
14
2 8
14
14
44
2
14 2
14
14 49 67
8
14
44 14
14
14
14
2 66
2
2
2
42
3
3
2
2 68 64
2
2
2
2
2 69
2
66
2
2
2
18
2
2
4 64 2
2
2
2
8
16
16
2 70 71 72 55 73 74 75 76 77 78 79 80 81 82 83 84 85 86 87 88 89
70
10 2 55
2 90
55 2
70 55 2
55
55
55
55
17
43 17
55
55
3
2
2
91
13
2
37
2
2
2
2
2
2
2
2
64 4 30 92 93 94 95 2
3
2
2
2 44
8 2 18
2
2
2
2
2
2
2
96 17
43
43
2 97
2
2
2
2
2
2
2
2
2
2
98 2
2
2
2
44
2
2
2
2
4 73 2 57
2
2
2
2
2
2
2
2
2
44
99
100
100
100
100
2
2
2
3
2
2
2
8
18
2
2
101
101
101
2
2
2
64 4 102 2 103 104
2
2 18 8
2
99
99
105 106 4 2
2 14
2
43
2
43
3
2
2 8
2
2
107
11
65
108 66
66 109
2
41 2
2
3
2
2
13
2
2
2
18 2
30 2
2
1 2
2
2
2
2
46 3 43
3
2
2
98
2
2
2
2
2
2
2
3
2
2
2
2
12 2
2
2
8
2
3
2
62 101 2
1
2
2
1
2
2
3
3
3
3
3
2
2
18 2
2
2
110
110
110
2
44
2
2 10
2
2
2
101
2
37
111 100
111
37
37
37
2
100
3
2
3 43 96
2
2
2
62
62
2
2
2
2
112 2 113 76 114 115 116 117 118 81 119
3
25 2 120
2
2
2
2
121 2
2
2
2
2
2
2
43
122 2 24
2
2 123
2 20
2
2 22 10
2
2
2
2 18 124 125 4 73 30 126 29 127
8
2
2
2
2
3
2
2
3
2
2
44
2
2
22 2
2
2
8 21
21 128
128
128 21
2
2
2
2
129
2
38 2
2
130
130
4 73 2 126
2
2
2
3
3
2
2
2
8 2
2
90
91 131
3
2
2
16
2
2
2
3
2 132
109 13
2
18 2
13 133 134
2
2 45
45
2 135
2
2
1 2
1
2
2
2
8 136
2
2
137
2 44 138
3
2
2
2
2
2
2
2
2
2 4
131 2
2
2
2
2
2
2
2
2 44
2
2
2 131
2
2
3
2
3
4 2
2
2
2
133 139 2 44
3
2
2
13
2
2
2
2
2
140
140
2 4
104 2
100
2
2
2
2 4 106 12
2
2
2
2
2
2
2
2
2
2 12
67
14 2
44
2
2
2 141
2
2
2
17
2 10
2 142 4 143 41 144 145 146 147 148 149 71 150
17 3
19
3 151 38
2
2
2
4 2 10
2 41 131
2 41 10 131
2
2
152 10 113 153 2
2
2
2
2 41
10 153 2
2
2 41
2
2
2
30 2
2
2
14
2 106
2
2
2
2 18
154 8
2
2
2
2
2
2
2
2
2
2
131 40 43
3 155
2
2
2
2
2
2
2
2
2
2
2
2
2
2
3
44
2
2
44
3
2
3
3
48
2
2
2
2
131 2 90
2
44 124
2
2
2
21 2
2
1
2
2
2
2
2
2
2
2
2
2
2
2
2
2
2
100
2
2
156
1
1
90 20 145 157
158
44
44
44
131 2
2
44
44
159 2
8
44
2 160
44
2
2 110
110
2
2
20 161 2
2
2 98
2
2
2
2
2
2
2
8
2
2 18
2
110 162
110
158 110
110
110
110
2
2
2
66
150 2
44
98 110 163
2
2
2 1 164 165 166
2
167 3
3
2
2
3
3
2
2
2
2
2
18
2
2
44
2
16
3
2
2
2
2
2
168 151 3 167 17
2 64
5
2
2
2
2
2
45 3
2
3
2
2
21 2 169
2
2
2
2
2
2
18 2
2
2 4 64 56 112
43
43
43
2
2
2
8 1
44
2
2
2
2
2
2
14 2
8
8
2
2
8
8 46
2
46
43
2
44
66
2
2
43
43
43
43
44
2
2
2
2
2
2
18 2
2
2
2
2
2
2
170 56 4 29 126 55
16
171
2
55
48
172
55
2 173
2
2 3
3
14
2
2
2
2
2
2
2
2
2
2
2
2
2
2
2
3
38 2
4 2
2
2
2
2
2 174
175
42
42
8
42
17
17
176 14
177
42 14
27
2
27
14
39
14
14
14
2
14
7
42
178 42
14
42
14
14
42
177
13
42
42
39
2
2
2
17
39
2
2
2
2
2
2
2
2
2
44
2
1 101 62 40
2
2
2
2
2
2
2
2
2
2
2
4 64 2
2
2
2
2
2
2
2 8 64 179 4 126 180 31
2
8
8
2
3
2
2
110
8
8
2
2
2
8
2
2
2
2
2
2
2 181
2
2 131 121
2
2
2
2
2
44
2
2
2
2
42
2
2
2
2 182 183
2
2
2
99
99
8 2
45
2
2
2
2
2
2
27
2
44
110
2
2
2
3
3
3 8
8
2 8
8
184 2 8
2
2 180
2
2
2
2
2
2 10
2
2 10
2
2
2
2
2
2
2
2
3 185
3 186
2
2
2
2 1
43
43
187
187
3
187
3
2
2
2
2
2
2
111
2
44
2
2
2
42
3
131 41 40 3
2
2
124 16
3
3
2
2
2
3
12 2
12 2
2
7 2
18
18
98
18
2 188 21
3
3 131
2 38
2
2 133
2
2
2
2
2
2
42
2 189 25 38 12
3
2
2
18 2
2
44
2
2
8
2
2
109 124 2
2 10 190
39
39
2
62
2
191 192 3
2
2
3
3
2
193
2
2
2
2
30 4 64 2
3
2
56 29 64 30 2
8
2
2
18
2
2
2
4 2
2
3
2
46
2
2
3
131 194 3
2
2
2
99
2
99
39
2
2
41 2
45 17
45 17
2
2
49 5
44
2
2
110
2
2
2
2 10
2
62 195
3
2
2
196
196
2
2
2
44
2
2
2
2
2
2
2
64 197 2 124 169 56 38
2
2
2
2
2
2
2
2
2
2
2
2
2
2
2
8 42
42 2 1
2
2
198 65
2 1
3
2
2
2
2 148
2
2
17
17
3
2
199
2
199
199
2
18
2
2
140
2
44
1
2
3
3
3
2
18
3
3
10 2
2
43
43
2
44 2
200 8
2
2
2
2
2
2
201
2
2
2
99
2
2
1
39
39
2
39
39
2
8
126 2
2 4
2
2
2
2
2
2
3 40
2
3
187
2
8
2
3
131 3
2 41
2
2
2
2
2
2
64 2
2
2
55
43
2
2 106 56 73 4
44
2
55
55
2 55
55
55
55
55
55
55
4 55
55 2 70
55
55
55
55
55
55
55
55
55
98
70
70
55
55
55
128
70
70
70
55
70
70
2
44
8 2
45
3
3
39
39
39
39
3
2 21
2
2
4 2
2
3
2
2
62
2
2
2
43
175
8
8
2
2
38 3
2
2
2
2
2
2
2
96 45
2
4 2
2 41 28 4
2
2
2
16
16
16
14
39
4 2
2
2
2
39
2
2 64
2
2
2
2
2
6 2 4
2
3
2
2 22
39
2 12
3
17 12
39
39
39
3
202 40 2
2
3
2
3
2
2
2
2
3
2
2
3
2
2 43
43
2
2
2
2
2
2
2
2
3
3
2
2
2
2 4
22 2
2
2
2
2
2
2
2
2
2
2
203 2
2
2
8
204 205 206 8
8
8 2 44
2
2
2
2
2
98
130
48
2
2
100
70
2
2
2
2
2
2
2
131 2 207
2
18
2
183 6 208 2
2
65
46
2
2 45 128 3
2
2
2
2
2
2
2
130
43
2
8
2
2
44
209 2
2
39
2
2
2
2
2
2
2
2
8
2
2
2
2
2
46
2
2
2
17 3
2
3
4 2 64
2
2
2
2
2
2
62
2
3
2
2
2 4 73
210 3 211
2
2
2 4
2
3 113 2 8
2 3
3
98
2
2
2
2
2
2
2
2
2
45
3
3
3
64 2
2
3
43 109
2
2
16
16
2
2
16
21 14 49 212 12
2 8
97 100
100
100
100
44
2
2
98
2
14
2
49
2
2
2
19
2
2
2
2
2
2
2
2
2
3
3 213
2
42
2
3
3
98
2
98
8
2
2
2 104
3
3 17
2
98
3
2
2
2 121
2
2
67
67
67
67
67
67
67
67
2
2
2
2
2
2
2
2
66 2
18 2
18
62
98
98
2
2
2
19
19
8
2
2
2
44
2
2
18
2
2
2
2
17
2
2
2
2
10 2
42
2
2
2
2
2
21 12 2 10
2
1
2
2
2
2
2
110
2
2
2
2
2
2
2
2
3
18
2
2
2
2
2
2
2
2
2
2
2
2
2
2
3
2 3
2
2 18
214
214
214
214
2
2
2
2
2
2
2
2
2
2
2
49
49
67
42
2 18
2
3
70
2
18
126 2
2
1
2
2
2
2
2
4 2
2 4
2
2
2
2
66
3
3
2
4 64 2
2
2
215 216 182 1 2 98
2
2
2
2
2
2
99
2
2 121
2
45
2
45
45
2
2
2
2
2
2 18
2
44
2
2 18
2
3
2
2
2
2
44
44
44
44
2 8
44
8 44
44
44
98 18 44
2
1
7 46
44
2 44 8
44
44
44
2
44
2
8
44
18
2
8
44
8
18
44
8
18
44
44
2
2
44
2
18
2
8
2
2
2
2
2
12 3 217
73 4 2 64 1
3
2
2
2 38
2
2
2
2
17
4 218 2
43
43
2
2
2
2
2
8
3
219 220 39
62
2
2
2
2
2
2
2
2
2
2
2
2
2
2
2
2
39
39
2 8
8
2
2
8
8
8
2
2
1
2
2
221 2
140
2
2
2
2
2
2
2
2
2
3
2
66
8
2
2
3
2
64 2 18
2
2
2
2
2
44
2
10 2
2
2
2 8 18
8 2 32 126 4
2
2
2
3
2 98
2
2 41 40
4 2 64
2
3 222
2
2
2
2
2
12 2
8
2
2
2
2
2
2
2
2
2
2
2
18
2
2
2
39
39 2 3
2
2
2
39
10 2
223 2 44 8
2 98 223 224 225 226
2
8 2
2 224 98 227 228
2
3
3
10 2
2
2 8
3
2
2
2
4 2
2
2
2
2
2
2
2
14
14
2
3
3
2
2
2
2
2
229 2
2
3
2
4 64 2
2
2
230 109 98 2 50
2
2
2 8
2
2
2
2
2
2
18
2
2
18
2
44 12 21
2
2
2
2 8
2
2
2
2
3
176
176
2
2 4 64
19
158
2
2
2
2
2
2 131 41
2
2
2
2
2
2
66 28
70 66
2
2
2 1
2
4 102 2
2
2
2
3
2
2
17 43
17
187
2
2
2
2
12 3
3
3
2
2
2
2
177
2
2
39
7
2
2
2
2
2
2
2
2
2 18
2
2
2
2
2
2
2
2
2
2
2
2
2
2
2
2
2
44 2 8
2 3
2
2
2
2
2
2
2
2
2
2
2
2
2
2
2 16
2
2
2
2
2
2
2
2
2
2
2
2
2
2 4
2 126
2
2
2
2
2
231 98
2
2
2
12 232
6 232 233
206
2
2
233
233
233
233
233
233 232
234
233
233
233
233
233
233
233
232
233
2
233
3 38 148 20 92 235 120 236 73
2
2
2
2
2
2
42
2
2
2
2 55 18 8
2
237 138 14
2
2 18
2
2
2
2
2
2
2
3
65
2
2 41
4 2
2
2
2
45
2
133 2
2
2
2
2
2 8
2
2
2 7 30 4 106 126
2 238
239 2 96
2
90 240
2
14
14
14
66
64 4 68 29 73 2
2
2
2
17
3
2
2
2
2
2
2 8 1
133 2
2
124 2
241 2 242
2
106 2
124 2
2 106
124 42
2
2 241
2
2
2
2 124
106 2
2
124 2
2
2 10
8
2
2
44
44 2
8
44
2
2
2
2
2
2
44
2
2
2
21 2
2
2
3
2
2
45
2
2
45
45 17
98 2 19
110
2
2
2
2
2
2
2
2
2 113 243 12 244 40 131 148
2
2
8
2
3
2
2
8
2
4 2
2
10 2
2
2
2
2
2
43
3
131 2
2
43
2
2
2
2
12 2
2
2
2
2
2
2
2
2 66
2
27
39
44 17
17
2
3
2
17
2
2
2
2
39
2
49
49
3
70
45 17
17
17 42
17
3
2
3
206 169 245
2
2
2
98
2
2
3
3
3
2
2
2
2
2
5 17
2
2
2
2
2
2
38 2
2
2 4
2
44
2
2
2
2
49
2
2
2
2
2
8
2
2
2
2
2
2
246 2
2
2
2
2 111
2
107 7 2
2
2
2
2
44
2
2
2
2
2
21 12 2
2
3
17
2
46 2
2
2
247
2
46
2
2
2
46 2
44
2
46
2
2
2
2
8
2
2
2
2
2
248 8 2
8 249
2
39 97
206
2
2
2
2
2
2
109 2
2
2
2
2
2
45
12 2
2
2
2 4
2
2
3
66
2
42
42
2
2 8
2
3
3
3 17
17
2
2
2
2
2
2
2
250 2
66
66
66
245 2
104 64 2 251
62
2
17 45
43
2
2
3 45 128
17
2
2
2
2
2 8 45 17
2 45
2
3
2
2
62
2
18
2
99
2
2
2
2
2
2
2
8 252
2
2
2
2
2
2
2
2
98
2
2
2
3
3
2
2 46
2 46
155 40 8
253 1 254 2
2
151 3 17
17 13 12
2
2
2
37 193 255
66
2 255
2
2
137
169 2
2
124 2
2
2
4 66
3
2 90
2
44
13
2
2 4
2
90
2
2
2
2
2
44
2
2
2 131
99
2
2
2
2
2
2
14
3
2
2 131
2
2
3
2
2
3
2
2
2
2
2
3
2
2
2
39
2
126 3 43
3
2
2
110
203 64 29 70 8
2
2
2
2
2
2
2
73 2
43
43
2
2 18
2
2
3 44
3
3
256 257 28 25 44 113 131
2
2
196
258
2
2
70
2
2
2
2 4
2
2
2
2
2 12
2
2
43
2 4 64 29 30 126
2
2 22
2
2 131
2
2
2
2
206 28 2
18
17 2
2
2
39
2
2
2
2
2 69
2
2
2
2
2
16
16
2 8
2
2
2
98 121
2
2
44 2
2
2
2
2 113 259
19
111
199
2
2
2
2
2
2
99
99
2
43
2
2
2
2
2
2 190 10 260 213
2 1
8
2
98
2
261 131 65
2
2
2
43 17
124 2
2 262
2
2
2
14
4 2
2
17
2
2
2
43
263
57 2 18
2
2
2
2
2
100
44
48
2
2
3
3
2
2
2
2
2
2
2 8
2
2 44
2 7
13
2 13 1
2
45
44
2
2
2
2
2
2 44
2
2
2 64 4 73
2
42
128
2
2
2
2
264
2
2
2
2
2
8
8
2 8
3
3
3
43 3
27
43
43
39
39
39
2
2
2
2 3
2
2
3
140
2
2
2
2
2
2
8 2
2
2
2
2
2
2 12
2
3
2
170 2
2
2
2
140
2
171
2
3
3
2
2
2
7
2
2
26 265 28 66
42 37
2
2
2 3
2
2
2 18
2
3
2
2 46
1
2
44
130
266
266
266
266
2
2
2
2 73
2
2
2
2
106 2
2 106
2
2
2 18
2
2
2
14 2
14
2
2
2
2
2
2
2
2
3 155
2
2
2
2
2
130
2
2
2
2
2
2
3
2
2
2
2
2
2
2
2
3
8
2
2
2
2
10 2 267
2
8
2
2
2
2
44
2 268
2 131 12
2
2
2
43
2
2
2
2 269
2
2
2
2
39 109 270
39
2
2
2
2
2
2
2
2
2
2
2
2
2 1
3
44
140
2
2
2
1
2
2
2
3
2
43
43
2
2
2
2
2
2
2
3
2
2
2
2
2
44
2
2
1
1
2
2 3
3
2
2
2
2 271 169
2
2
2 18
2
2
2
2
2
2
2
2
2
98 2
2
2
2
2
2
2
2
2
2
2
2
2 38
2
2
38 2
2
2
2
2
2
2
2
2
2
2
2
2
2 137
2
2
2
2
2
2
2
2
18 2
2
2
2 272
44
2
2
2
2
2 4
2
2
2
2
8
12 3 43
3 131
8
2
2 18
2
8 1
2
2
2
137
137
2
2
2
2
7 46
7
16
16
2
2
2
2
2
2
2
18
8
2
90
273 177 97
4 30 2
2
128
128 12
12 128
2
2
17 45
2
3
3
90 2
42
42 4 112
2 274
2
2
67
2
2
8
2
2 8
7 2 38
38 2 12
2 98
38 2
2
2
38 2
2
10 2
2
2
62
38 2
2
275 177 97
2
2
2
2
2
2
2
64 2
98
2 12
2
14
2
2
2
2
2
2
2
2
2
130
2
2
39
49 180
2
2
2
2
2
2
101 111
3
2
2
2
173 2
111
44
98
2
2 98
18
27
3
3
2
2
2
2
2
2
44 3
3
3
3
2
2
2
194 2 276
2
2
2
2
2
2
2
2
2
99
3 38
2
2
2
2
2
2
2
2
2
8
2
3
2 60
8
44
3
2
2
3
2
2
2
2
2
2
2 277
18 2
3 2
2
2 12
27
126 64 2
8
2
2
2
39
112 106 56 4 39 30 2
2
2
39 2
3
3
2
2
2 39
2
2
2
2
2
2
2
2
45
12 13
2
2 131
2
2
2
2
42 4 112 12
2
66
13
3 278 113 279
2
13
44
8
2
3 21
42
2
3
69 2 4 113 280
2
2
2
2
2
44
2
2 42
2
5
2
2
2
2
2
3
2
15 2 8 73 4 64 102 272
2 281
8
44 12
2
45
2
2
2
2
2 260 8
2
2
3
3
3
3
3
2
2
2
2 8
100 99
2
2
2
2
2
2
2
2
44 8 38
2 98 73 64 29 4
66
66
2
2
2
2
2
66
66
66
66 282
2
2
43
3
2
2
66
3
2
2
12 3
2
2
43
43
43
3
43
2
2
2
25 66
2
17
17
2
2
2
2
22 2
2
42
2
2
2
2 73 126
2
3
2
2
2
2
2
2
39
2
2
2
2
3
30 102 126 64 283 78 2
18 2
2
2
2
2
2
62
284
2
2
2
42
44
2
2
2
233
17
8 236
8
49
67
67
246
258
285
2
2 90 17
17 20
2
2
2
2
2
180 4 64 2
2
2
2
14
43
2
2
3
3
2
2
2
2
2
2
42
2
2
65
65
2
14
2
2
8
3
2
2
2
2
169 2
2
2
2
2
2
2
2
2
2
2
2
4 46
2 18
2
2
2
2
2
8
2
2
46 286
32 2
39
2
2
2
2
2
234
177
3
2
2
2
3
2
2
2
2
2
2
2
2
287 17
43 45 17 3
3
2
2
2
2
2 155
12 66 155
2
29 30 2
2
2
18
2
67
43
100
2 288
2 22
2
2
2
2
44
2
2
2 121 10
2
2
2 24
44
3
2
2
27
2
2
2
98
2
2
2
2
2
2
2 124 106
7
2
8 2
2
13
13
13
13
13
13
91
13
13
13
13
13
13
13
13
13
13
13
2
2
67
49
128
2
2
3
2
2
2
2
2
2
2
2
7 2
2
3
2 96
40 2
2
2
2
2
2
2
2
2
2
2
2
2
10 1
2
2
2
110 2
2
62 2
2
2
2
2
2
44
18 2
2
43
3
14
2
2
2
20 2
2
2
2
2
2
177
2
18
2
2
2
2
2
2 44
2
2
2
2
2
2
2
133 2
2
2
2
2
2
44
2
2
2
2
2
4 102 289 30 2
2
2
2
2
2 18 8
2
2
2
2
2
2
2
2
2
3
3
2
2
2
2
2
22 2
2
2 120
2
14
14
2
18
2
2
2
2
2
2
2
2
2
40 168 3
2
2
2
2
2
99
99 98
99
99 97 290 134
2
182 8 2
2 42
2 18
3
3
12 3
10 2
2
2
2
2
2
2
4 112 29 2 291
2
2
2
2
2
2
2
2
2
2
2
2
2
2
62
2
2
2
2 38 292
44 293
2
2
2 41
2
2 10
2
2
2 4
2
2
2
2
2
2
2
294 295 55 170
41 131 296 297 270 2
54 2 298
70 2
2
2
2
43
2
2
2
2
2
2
2
44
44
299 37 17
2
2
2 18
37
2
2 10
3
2
2
2
2
2
2
2
2
2
2
44
2
44
2
2
2
2
8
8
2 10
29 2
4 29 2
2 65
2
2
2 12
2
3 17
45 43
2
2 7
300 2 70
2
2
2
2
2
2
2
2
2
140
130
130
2
2
2
301 302 303 304 2 20 161 305 306
301 2 303
3
2
2
39
13 46
19 3 124
2 10
2
2
2
2
2
2
2
39
2 18
2
97 13
3
3
43
22 2
2
2
2 12
3
2
2
8
2
43
43
2
2
8 2
2
2
2 30
3
3
2
2
2
2
3
110
37
165 2
121 2
2
2 20
2
2 74
2
2
3
3
2
2
128
128
2
187 2 1
2
2
2
2 10
2
2
2
46
2
2
2
1
2
2
2
2
2
2
2
2
2
2
2
22 2
264
264
137
2
2
2
2
2
2
2
2
2
2
2
2
2 30 4
2
2
2
2
234
234
234
307
2
1
107
1
2
2
46
107
44
44
2
107 2
2
2
2
8
2
2
2
39
3
2
2
2
2
3
2
2
2
112 2
2
2
8
2
17
3
43
2
43
2
4 126 29 308 2
2
2
3
3
42 2
14
2
2
44 131 40
2
2
2 1
2
2
3 282
3
1
2
2
2
2
44
2
3
3
3
3
2
2
2
2
14
14 2
2
2
2
2
2
2
2
2
2
10 2
25 66 27
3
2 25
27 282
3
167 3
2
2 12
8
2 1
2
308 73 2 4
2
2
17
2
2
18
2
3
3
124 2
42 124
45
2
2
2 309
16
19
13
2
2
3
3
2
2
2
2
2
47 14
2
3
2
41 2
2
3
2
2
17
2
39
66
2
13
44 2 112 4
2
2
2
2
1
2
2
2
110
1
2
2
42
2
2
49 2 212
2
2
2
1 2 8 44
21 2
2
2
2
2
44 131
2
2
2
2
3
2
2
45
2
2
2
2
2
45
3
310 2
2
2
2
311
8
311
2
158
311
311
2
311
312
312
311
312
311
311
232
8
2
311
8
2 8
2
2
2
2
2
2
2
2
2
2
2
2
14
14
14
14
14
14
14
14
14
14
14
2
2
40 44
2
2
2
2
2
64 126 29 2 131
8
18
17
39
2
3
3
22 2
2
2
2
2
2
2
37 258
66 42
43
131 313 2
2 206
177
313
18
2
2
3
2
100
2
2
48
48
48
48
2
2
3
2
2
17
2 18
3
2
2
2
2
2
2
2
2
2 124
2
2
2
3
124 2
2
2
2
3
3
3
2
3 113 40 314
2
2
2
2
2
2
2
2
2
1
2
2
2
2
2
2
2
2
2
315 25 27
2
2
2
2
4 73 2 98 247 316
18
2
2
2
2
2
2
2
2
2
46
4 2
2 8 20
8
2 8
8
2
2
13
11
2
2
2
2
2
2
2
2
2
2
42
2
1
2 90
2 131
2
4 44 3
2
2
2 163
49 138
138 9 49
65
2
317 2 4 21 12
12 21 2 148 318
2
2
2
2
42 2
2
44
2
44
44
3
234
2
2
2
2
42
2
2 70
2
2
2
2
319
67
2
2
3
3
3
3
49
3
2
3 12
2
1
320 2
2
8
2
8
2
2 7
2
2
2
2
2
2
43 3
2
2
3
3
2
2
2
2
128
2
264
39
2
1
299 321
321
321
321
199
321
2
44
2
124 245 322 169 2 98
2
2
2
2
2
2
2
4 2
2
2
43 2 3
49
3
44
2
2
3
187
39
2
2
2
3
2
2
2
2
2
2
2
2
2
2
2 323
2
2
2
2
3
44
2
2
2
2
2
2
2
94 64 55
8
2
2
1
30 4 2
2
2
2
2
2
2
3
3
45 3
2
3 154
17 121
3
3
2
2
2
2 18
2 8
2
2
42
264
206
2
2
49 324
8
2
98
2
2
2
2
2
2
2
2
2
2
2
2
2
2
2
2
3
3
2
2
2
3
2
2
3
2
2
99
2
185 8
100
2
2
2
2
44
2
2
2
2
2
2 25 325 28 42 161 20 326 327
2
2
10 2 44
2
2
2
2
2
242 2
2 131
2
2
2
2
2
199
206
42
2
2
321
321
10 2
2
66
66
2
43 113 12 96
2
2
2
68 2
2
2
2
2 97
98
2
2
2
2
2
2
2
124 44
2
8
8
2
2 64
112 2
2
21 2
2
2
2
3
2
2
74 107 2 44
2
2
40 2
2
129
2 104
4 2
4 2
2
2
3 328 113 329 330 331 165
332
113
2 333 334
5 3 335 274 208
2
64 2
40 2
14
2
2
2
2
16
2
2 64
2
2
2
2
3
2
2
44
2
2
2 4
2
2
2
2
2
2
2
334 2
2
2 124
2
2
2
2
2
2
2
2
2
2
2
2
2
2
2
45
2
22 2
2
43
2
44
336 2
2 56
2
2
2
2
2
2 18 1 7 41 40 337 131
2 38 46
2
2
334 3
2
3
2
2
2
62
2 338 25
339 3
2
2 30 64 4 339
2
4 29 2 107
3
3
39
3
3
2
2
3
2
2
2
2
44
2
3
3
2
2
2
126 4 39
165 2
2
2
2
2
2 112
39
44
2
2
2
2
2
2
2
2
2
2
2
2
2
2
2
2
2
2
2
2
2
2
2 18
18 2
2
2
3
2
2
2
2
2
49
2
2
2 340
2
2
2
2
3
2
2
2 104
2
2
2
2
2
2
14
14
45
45
2
2 10
2
2
17
39 99
99
3
3
50
50
2 12
2
8
8
3
3
3
3
3
2
42 100 112
130 341
111
46 2 133
16
17 342
50
49 22
111
49
111
2
7
42
8
2
3
4 64 2
2
19
2
2 22
100
2
51
51
49
2
2
2
3
43 3
2 43 3
2
2
2
2
2
2
2
2 10
2
3
2
2
8
284
18
2
2
2
3
2
2
2
2
2
2
2
2
2
2
2
2
2
3
2 44
2
2
2
2
2
2
2
343 344 215 345 346 347 348 349 350 351 352 45 246
45
45
2 8
45
246
45
246 17 42 2 37
2
2
101 2 37
2
45
4 73 2
2
2
66
51
2
8
2
2
2
2
2
2
2
2
2
2
2
2
163
163
163
2
2
2
2
2
2
2
2
2
2
2
2
1
2 44 41
3
10 42
3
3
2
70
2
2
2
44
2
2
2
2
2
70
70
2
2
2
2
39
39
39
353 4 2
2
155 2
2
2
2
2
2
2
44
126 4 2 180
2
2
2
2
21 14
2 98
98 126 4
3
2
130
2
130
130
4 354 64 2 317
2
2
8
2
2
2
2 143 355
2
2
2
2
3
3
2
2
8
2
8 2
2
2
2
2
14
14
2
2
2
2
2
62
62
62 1
62
2
2
2
3
2
2 131
2
3
2
2 18
2
2
3
2
2
2
201
2
19
128
8
2 40 168
42
2
3 43 277
133 2
2 4
321
2
2
2
2
2
2
2
2
2
2
266
110
130
111
110
111
130
140 2
2
2
2
44
2
2
2
2
2
2
2
2
2
2
2
2
2
2
2
2 124 4
2
2
3
44
2
2
45
45
2
2
2
99
2
1 2
2
2
3
2
2
2 12
2
2 98 64 4 57
2
2
2
3
2
2
2
2
2
2
2
2
42
42
42
42
3
3
3
246
42
42
42
4 42
2
2
2
2
2
100
2 4
2
2
45
2
2
2 45 17
17
3
2
3
3
3
39
40 39
100
2
3
3
179 4 105 32 2 94
2
2
2
2
13 2
62
2
39 38 132
2
2 109
2
43 12
2
4 2
2
2
2
128
37 43
42
198 65
2
2
2
2
8
246
2
17
14 49 2 7
126 4 2
2
124 2
356
3
2
44
98
42
2
2
2
2
2
2
2
2
2
2
2
2
7
3
2
27
199
42
2
39 270
2
2
2
2
2
2
2 111
111
2
69 150 2 8
2 357
2 12 198 358
2
2
2
2
2 29
3
2
2
2
2
2
62 101 129
43
43
165 2
2
2
2
2
17
2
2
2
2
2
2
2
2
2
13
2
2
2
2
2
2
2
2 12
258
93 359 2
360 2 46 336 98
42
42
42
2 30 4
2
2
2
258
44
2
47 361
2
2
2
2
2 4
2
2
106 73 4 2
2
2 41
14
8
2
2 64
2
2
161 2
2
2
2
101
2
2
2
2
2 8
2
2
3
2
2
2
2
2
2
2
2
3
2
2
70
2
43
43
43
43
43
2
2
126 2
2
2
2 112
2 64 4 354 30
2
3
247
2
2
2
2
39
2
2 8
2
2 21
42
2 55
3
17 287
2
2
2
2
2
2
2
2
3 168
2
2
2
2
2
2
2
18
2
2
3
2 18
2 1
38 362 363 45
20 2
64 2
2
99
99
3 2
2
7
2
2
2
2 10
2
2
2
2
2 109
2
2
2 18
2
8 2 37
2
3
2
43 45
2 44
2
55
2
2
2
2
2
10 2
2 169 112 4
2
2
2
2
2 49 67 130 196 24
2 49 130 196
49
49
49
49
2 125
2
3
2
3
364
364
2
32 30 2
2 22
2
2
2
2
2 10
3
2 37
3
12 2 22 10
7 2
2
19
2
2
365 2
2
2
2
2
3
2
2
8
2
2
2
3
3
39
45 2
2
2 10 124
2
2
2 96
2
366 2
2
2
2
2
2
18 40 2
2
3
2
2
44
2
2
26 66
2
2
17 42 100 12
192 367 2
100 277 99 368 3
100
2
3
37
66
66
2
2
2
2
2
2
140
49
2
2
2
2
2
2
2
2 8 44
45 2
66
112 2
2
2
4 30 2
3
62
44
2
27
37
2
2
2
2 4 18
14 192
2
17 3
2
2 10 107
2
2
2
2
2
2
2
2
2
2
2
44
2
2
2
21 2
21 2
12 21 2
21 2
2
2
2
42
42
42
2
2
2
2
2
2
2
2
2 18
2
2
98
2
2
2
2
2
2
2
2
2
2
2
2
2
2
2
2
2
2
2
2
2
2
2
2
2
2
2
2
2
109 2
2
2
2
2
2
2
2
2
2 369
49
2
2
2
2
2
2
2
2
2
2
2
2
2
2
16
14 16
2
2
2
2
2 4
209 2
2
2
2
2
2
2
66
27
2
66
2
3
2 1 318 148 370
2
16
16 9 49
2
2
2
2
2
2
2
2 41
2
2
2
2
2
45
13
2
2
4 64 2 8
2
2
3
66
2 39
2
2 10 30 73 4 64 102
2
17
2
3
17
2 8
3
2
2 21
2
2
2
2
2
2 278
2
2
2
2
2
2
2
2
2
2
2 18
3 113 42
42
2
2 38 8
2
2
2
2
2
2
3
2
2
2
2
2
2
2
2
2
2 73 4 289 44
3
321
199
2
2
18
3
2 39
2
2
14
2
2
2
2 18 131
2
2
2
2
49
2
2
8
2
42
2
2
1 121
2
2
2
18
2
2 112 102
2
2
2
2
2
2
2 212
2
62
66 2
2
2
2
2
2
2
158
158
158
158
158
158
158
2
44
2 4
7
49
2
2
2
158
8
190 2
2
2
2
98
2
8 2 1
2
3
128
3
2
14
3
12 2
2
2
2
2 73 4
2 131
2
10 2 8
39
158
99
99
45
45
3
2
234
2
64 4 2
2
2
12 17 2 18
2
2
66
2
70
2 4 64
2
49
43
44
371 372 44 150
44 130
130 2
2 130
2
2
39
39
64 2
311
2
140
2
2
2
2
2
2
2 8
2
2
2
112 4 2
2
4 2
2
90
2
39
39 41
2
12 2
2
66
42 3
2 12
233
42
4 2 28 38
2
2
373 44
44
2
14
14
14
14
14
14
14
14
14
2
14
14
14
14 165
49
14
14
14
14
14
49
17
14
263 374
14
14
14
14
14
14
14
2
2
14
14
312
14
14
14
14
2
2
3
2
2 8
2
2
2
2
2
6 2
2
2
2
2
2
2
2 18
2
2
2
2 12
2
2
2
98
2
2
18
3
258
2
2
2
2
2
2
2
284 375
2 17 12 376 21
2
2
2
2
3
2
2
16 7 234
16
193
37 193
193
39
193
193
193
193
7 193
193
2
2
65
70
2
71 2 3
3 242 4 126
2
2
2
2
2
3
2
2
2
2
2
13
37
2 37
2
2
2
2
2
2
2
10 2
2
2
2
2
2
2
67
138 67
67
2
46
49
49
49
16
377 49
49
49
16
2
2
2
3
3
3
3
42
17
3
3
2
2
3
2
2
42
17
2
128
2
2
17 12
2
2
2
2
2
17
2
107
4 2
2
2
2
3
310 3
2
3
2
2
147 44
21 44 378 379
44
2
2
44
2
2
90
73 248 4 8
2 44 126 1
17
2
2
29 2
2
8
43 16
30 2 124 253 380
2 106
2
2
2
3
43
99
99
2
2
2
2
3
8
39
45
17
2
2
2
2
2 381
2
3
2
3
2
2
236 4 170 18 2
2
2
3
3 382
2
3
3
17
2
2
2
16
2
2
2
49
49 9
67 14
110
2
2
2
2
2
2
2
2
2
2
2
2
2
2 162
2
2
2
2
17 12
17
2
17
2
2
2
1
2
2
14
2
2
263
14
3
66 22
66 2 64
64 66
66
66
66
66 1 150
66
66
66
66
66
66
66
383 66
66
66
66
66
66
66
66
66
66
66
66 383
150 383 66
150 66
66
66
66 64
66
66
66
66
66 2
66
66
66
66
66
2 98 66
66
66 384 385 386 387
8 66
66
2
66
66
66
2
3
2
67
67
2
2
2
156
42
2
2
2
2
36
2 44
2
2
2 69
44
44 125
2
2
2
2
3
3
43
3
43
3
2
2
127 2
50 2
8 2 50 1
2
18
8
2
3
2
2 249
23 2
2 8 23
2
2
2
2
2
2
2
3
2 22
2
2
2
266 2
266
29 4 18 73
2
2
2
2
2
2
2
2
39
2
2
2
2
2
3
2
66 388
2
2
14
2 18
70
39
99
39
3
3
3
14 44
14
2
2
2
156
2
2
2
2
66
3
2
43
3
2 44
44
2
2
2
2
2
29 4 2
2
2
2
2
2
2
2
2
2
46
2
2
2
2
2
47
4 2
2
2
2
44
2
12 2
2
2
3
3
3
2
2
2
4 2
2
2
37
2
40 2
2
2
3
2
2
2
39
2
2
2
2
2
18 2 64 4 29
2
3 45
2
110
2
39
2
2
2
2 18
356
356
2
3
2
3
3
2
2
3 4 146
2
2
2
2
2
17
3
3
65
21 2
2
2
2
2
2 38
2
2
27
2
37
91
39
128
218 2
2
4 102 2 41
131 2 69
2
2
2
2
2
2
2
3
2
258
2
2 44
2
3
2 44 21
2
27
2
2
8
39
39
39
39
2
284
284
284
284
43
2
2
2
2
2
2
2
2
2
2
2
2
2
2
2
2
2
37
2
2
2
2
2
66 388
66 388
66 388
66
66 2
66
66
66
8 113 44
46
2
2
2
2
2
2
2
39
2
44 2
44
137
137
3
3
3
3
3
43
3
3
2
42
2
39
2
2
2
2
43
2
2 20
2
2
17
2
2
4 2 113 131 23 10 124 389
158
2
38 2
2
49
49
49 138
3 2
2
14
2
2
2
66
62 2
2
2
2
2
38 2
2
2
2
2
2 390
2
2
111
45
128 42 2
17
187
187
17
17
2
2
2
2
2
2
2
2
14
2
2
2
2
2
2
282 25 325 66 388 2 64 4 179
196 44 284 140 110 158 374 163 47 66
66
66 27
66
3 155 131 19
3
2
2
2
2
43
126 4 2
2
2
2
2 8
2
2
2
42
234
42
42
2
2
2
2
2
66
2
39
2
2
2 74
45
45
2
2
2
2
2
2
2
2
2
2 7
2
2
2
2
2
2
2 10 98
2 4 64
2
2
2
2
2
2
2
24 190 55
137 2
42 22
391 321 392
2
2
42
2
2
2 233
2
2 98 44
2 44 8
2 8
2
2
2
2
3
2
2 127
3
3
2
112 2
2 227
2
2
2
2
4 29 2
2
2
2 385
50 62
2
104 2
2
2
2
2
2
98
2
2
2
2
48
48
3
2
2
43
2
107
2
2
158 2
2
2
62
2
2
2
98
2
2
2
50
2 18 131
3
2
2
2
2
2 18
358 393 394 2
356 393 395
393 396 397 398 8
393 397 8
8 393 202
397 8
2
393 44
2
2
91 37 393
2
2
90
234 287
44
2
2
3
44
2
18
2
2
2
2
2 18
2
2
3
2
2
2
2
171
2
2
2
3
2
2
8
2
1 2 46
2
2 1 46
2 1
1 44 2
2 1
2
1 46 2 107 18
2 7 1
1
1 2
1 2 107 44
1 2
1 2
4 64 29 399 56 400 106 126 2
2 44 1
2 1
2 1
2 1
1 10 2
1 2 44
2 1
62 2 98 1
2 44 98
2 1 44 62
2
2 44 98
46 131
2
2
38 2
140
140
111
140
140
140
140
140
140
140
2
2
401 16
402 2
2
2
2
3
233
233
2
2 38
2 44
3
3
363 356
356
3
3
44
44 2
2
44 403
2 4 73 32 30
2
2
2
2
42
42
42
42
42
2
3
3
2
2
99
17
2 162 140 110 48
48
2 44
2
2
3
3
2
2
2
2
2
2
2
176
130
130
130
22 130
2
2
2 130
130
130
130
110
130
130
130
2
2
2
2
41 2
2 277 113 121 127 404 72 334 405
406 43 2 358 272
2 121 407 408 179 409 410
2
411 2 412 146
2
2 413
414 14 415
161 14 416 146
2
2 417 418
2
2
419 2 420
2 10 96
2
12 2
38 2
271 109 3 241
2 41 339
2 38 280 380 421 10 142
3 334 422 209
65
19 5 113 34 12 287
2
2
43
3
2 101
42 12
2
40 2 124
44
1 2
2
2
2
2
17
2
2
90
2
2
14
47
361 47
2
2 99
99 2
99
2
2
2
16
2 64
2 18 46
3
3
2
2
2 18
2
12 44
2
62 2 18
8
2 1
375
2
13
3
2
2
2
2
10 2
44
106 8 2
2
2
2
2
2
2
3
3
2
2 23 1
2
2
2
2
2
2
2 126 56
2 8
2
2
2
2
2
28 128
128
17
17
2
2
2
2
2 185
2
2
46
2
2
2
2
2
196 2
2
2
2
2
2
2
2
2
49
49
17 2
98
2
2
2
2 320
2
70
2
44
2 224
2
2 46
2
2 18
2
13
128
2
128 320 124
2
2
2
2
2
2
2
2
2
2
64 2
2
2
2
2
2
2
2 47 423
361
170 233
2 64
2
2
2
39
2
3
3
3
3
3
3
2
2
2
2
2
2
2 38
2
2
2
2
2
2
2
2
2
111
2
55
55
2
39
2
2 207
4 2
17
2
2
39
18 2
2 12
2
2
8
424
66
4 2
2
2
2
2
2 7 8
17
17
17
130
2
2
2
2
2
2 1
2
2
2
2
2
2
2
2 367 425
56 4 30 16
14
2
2
64 324 2
2
110
110
110
36
2
110
2
2
2
2
7
2
2
48
2 43
43
2
2
2
2
158
2 1
2
2
2
2
2
3
11
90
10 2
2 334
2
2 8
2
2
2
2
4 2
177
177
177
3
3
3
43
2
2
2
2
2
2
2
2
2 426
2
2
2
2
8
2 109 165
165 427 2
10 2
2
111
2 179
46
42
2
356
2
2
2
2
2
2 20 161
3 155 40 194 276 131
2
2
2
2
39
2
428 44 2
45 3 113 38 41 131
2
2
2
2
2
2
2
2
2
12 8 2
2
3
2
2
2
2
2
2
18
2
2
2 8
2
67
2
3
2
1
2
2
2
2
2
2
44
2
51 5
16
16
14
14
14
14
14
14
51
51
51
14
14
4 126 2
2
2
64 2
2
2
2 18
98 2 62
2
2
2 8
107
2
2
2
17
2
213 2
2
43
2
2
2
41 2
42
2
2
3
16
2
2
2
18 62
2
44
3
18
18
66
2
2
2
2
2
2
2 37
2
264
66
2
2
2
2
2 44
2
10 2
2
2
2
4 2 73 40
3
2
163
2
3
2
2
2
2
2
2
2
2
2
2
2
2
2
2
2
18
2
2
19
2
2
2
2
2
2
2
2
2
2
7
2
130
2
2
2
2
2
2
100 2 8
2
2
2
98
2
29 4 2
2
30 2
2
2
2
2
2
2 107
2
2 44
2
14
14
2
2
3
2
2
2
2
2
2
2
2
2
64 32 4 310 30 2
2
2
3
2
2
2
18
4 2
2
2
2 10
2
2
128
2
2 64
2
2 140
2
2
2 18
2
10 2
2
2
8
2
2
2
16
44 2
2
64 2
2
2
2
2
43
43
39
3
2
2
2
199
2
27
18
3
3
3
3
3
2
2
18 2
2
2
2
2
42
27 282
2
2
2
2
2 429
2
112 2
2
2
2
2
2
2
2
2
2
2
2
2
430 339 44
56 4 2
2
2
2
2
2 8
2
12 43 155 217 113 131
16
16
431 2 432
2
18
18
18
2
2
2
2
2
2
3
3
2
2
2
2
44
2
2
2
2 7
44 1
3
2
2
2
2
2
2
44
2 4
1 2
4 2 64
18
2
2
2
2
3
2
2
2
2
3
2
2
2
2
2
2
17
8
3
3
2
2
2
2 22
2
2
2
2
2
44 2
44
3
2
12 2
2
2
249 42
16
130 247
13 43
2
42
14
47
14 47
14
2
2
2
2
2
2
2
2
44 2
2
3
12 2
2
2
3
2
26 39
2
128
285
285
2
2
2
2 64
2
2
2
4 2
2
172
2
2 1
2 10
2
2
2
2
2
2
2
2
2
2
2
2
2
2
2
2
2
2
2
2
2
2
2
2
2
2
2
2
2
2 268
2
2
2
2 12
2
43
3
2
2
2
2
2
2
2
433 27
98
3
2
2
2
2
2
2
2
2
2 124
17
3
111
62
2
2
2
2
2
2
2
17 2 98
2
2
18
2
2
2
2
2
12 2
2
2
2
2
2
2
37
45
2 44
2
2
2
2
17
187
2
2
4 2
2
2
2
128
128
2
2
2
110
2
434 3
2
2
2
2
2
2
2
2
2
2
2 8
2
2
2
2
2
2
2
2
2
2
2
2
2
3
39
2
2
2
2
2
2
2
2
435
176
435
2
2
2
129
101
111
107
2
3
3
3
101
8
2
2
101
278 436 12 2
2
2
2
2
2
2
101
101
2
2
3
3
3
3
2
2
2
2
2
101
2
2
8
101
2
2
2
111
2
2
101
2
2
101
2
2
2
101
2
18 2
2
2
258
2
111
2
2
3
43 3
2
2
2
2
2 8
2
2
2
98
2
2
44
2
2
2
101
101
101
2
2
2
2
2
2
2
2
2
98
98 2
2
2
2
62
2 107
2
2
2
3
3
3 43
43
2 3
2
98
2
2
2
2
2
2 106 64
8 2
43
3
3
2
2
2
3
3
2
2
2 21
2
2 10
2
3
91
98
38 2
64 2
38 91 2
2 258
3
2
2
8
2
44
2
2
2
2
2
2
2
2 197 44
44
2
2
2 287
2
2
2 106
46
2
2
2
2
2
43
2
2
2
2
2
3 134
377
98
2
2 98
2
43
258
2
18 2 73 381 30
2
2
2
2 18
3
2
2 291 4 64 29 18
44
2
2
2
2
2
2
43
2
2
2
110
110
437 2
70
199 438
8 137
2
2 10
2 8
2
2
18 2
2
2 124
8
2
2 439 109
2
2 236
2
2 8
2
1
16
16
2
16
16
16
16
2
42 100 37
2 22 10
2
2
3
2
2
2
2
2
2
184 8
18 2
2
2
130 2
2
2
2
2 131
2
99
2
2
37
285 2
12 2
2
2
158
158
158
266
158
2
2
2
3 45 2 25 282
45
2
2
2
2
2
90
245 66
27 388 66 440 207 169 441
111 2
2
2
10 111
442 2 148 40 41 113 20
2
2
2
2
4 2
2 197
2
129 443 192
18 2
2
3
2
444 2
2
2
3 131
2
2
284
2
8 2
2
2
2
109 45
4 126 64 2
40 44 154 131 113 12
39
3 282 445 401
2
44
2
2
2
2
2
2
2
8 2 291
2
2
2
8 2
2
2
112 2
2
128
3
2
1
2
4 2
2
2
2
2
2
2
2
2
2
2
2
2
2
2
2
28 2
2
2
4 2
2
2
2
2
44
2
148 1 2
2
2 10
2
8 2 1 446
2
2
2
2
196
2
2
2
3
45
2 10
2
124 2
2
2
2
4 2 126
111
2
2 447 432 124
2 64
2
2
2
2
3
48
2
2
2
2
14 130
2
2 26
2
3
3
3
2
44
241 2
4 64 2
2
2
44 125 127 448 449
110 2
2
2
2
2
2
2
2
2
2
2
2
2
2
2
2
2
2
3
2
44 388
211 2
2
3
43
2
3
2
90 196
50
50
263 113 131 284
2
2
199
2
2
2
3
2
2
2
2
2
126 4 2 64
4 180 2
2
2
2
2
2
2
91
2
2
2
2
8
2
2
2
2
1
2
2
2
4 73 17
2
2
2
62
62 129
2
2
2
2
2
284
284
2
45
128
2
2
2
2
2
128
44 2
2
2
2
212 9 171 34 12
2
321
321
321
321
2
321
2
321
2
2
2
2
2
2
2
2 7 162 45 17 128 3
2
44
2
2
2
2
2
44 12
2
2
2
2 197
2
2
2
2
2
2 22
2 7
62
264
364
2
2
3
3 2
2
39
2
2
2
450 2
2
2
64 2 56 170 4
2
97 26 2
3
66
2
2
2 395
2
2
2
2
2
2
2
12 2 56
13
2
3
7
2
2 4 64 169
2
45
45
2
2
2
2
2
39
2
2
2
2
2
2
2
2
2
2
2
2 190
3
3
43
2
2
2
2
3
2
2
2
2
2
2
2
2
2
2
4 73 68 64 2
2
435 62
2 170
2 10 124 218 112
2
2
2
2 10 12
2
2
14
2
3
8 2 18
190 2 107
2
13
17
2
2 451
8
44 17
452 453 44
73 126 2 4
158
158
3
3
2
2
2
2
2
232
2
2
2
2
2 112
2
2
2
2
454
163
2
44 12 21
2
2
2
2
2
2
8
2
8
2
2
2
2
2
2
2
2
2
39
3
2
2
2
2
133 2 18 20 161
44
2
2 40
2
2
2
2
8
2
2
44 2
44
2
2
49
2
2
2
43
2
18
2
2
2 44
2
2
43
2
2
2
2
2
2
2
2
112 2 18
2
2
2
2
2
2
2
8 227 455
110
2
2
18
2
2
2
43
2
2
2
2 1
2
2
2
2
62
2
64 2
2
456 2
2
2
3
3
3
3
2
2
2
3
2
18 2
2
2
2
2
2
2
2
2 44
99
99
2
3
3
3 14
2
457 2 1
2
2
2
2
2
38 2
2
4 2
2
2
3
3
2 458
2 124
2
2
18 2
2
2
2
2
2 13
2
2
2
2
2
2
2
2
2
2
2
2
2
2
2
2 8
2
2
2
3
3
2
2
3
2
50 62
62 102 50
106 56 2 10 126
10 2
2
2 10
2
2
2
2 227
8 23 2
11 4 126
3
2
2
266
42
70
2
55
55
55
2 4 73 64
112 2 64
2
112 4 64 2
1
2 44
2
44
2
44 2
1
2
459 2
39
233
233
233
233
2
233
233
233
7
2
2
2
2
2
2
2
1
2
2
2
4 2
2
2
2
2
124 2 1
1
2
2
2
2
2 70
2
2
2
2
3
2
2
2
2
3 21
3
3
3
3
3
2
14
8
2
2
2
2 4
43 17
45 3 43
44
107
2
2
2
2
2
2
99
99
2
2
50
361
12 100
100 42
42
2 18
2 169
2
2
2
2
2
2
2
2
2
2
2
43
43
2
2
2
2
43
43
43
2
2
2 110
44
2
2
2
2 22 4
2
2
2
2
2
2
2
2
18
2
2
2
2
2
2
2
2
2
2
356
2
2 8
2 131
2
1 2
2
2 44 12
2
27
2 111
2
2
2
2
3
3
2
2
2
2
99 44
2 18
2
44
62
2
42
2
49
4 460 30 64 102 2
2 131 113 40
2 44
2
2
2
2
2
2
42
2
2
2
41 2
192 2
2
2
2
2
2
2
2
2
110
111
111
162 110 111 2
111
101 111
101
111
461 2
2
2
2
2
111
2
2
12 13
13
2
2
44
22 2 18
8
2
2
3
3
3
2
2
2
2
2
2
2
2
2 3
2
22 2
40 8
32 2 57
2
2
2
2
2
4 2 310
14
2
46 2
2
3
2
2
2
2
2
2
2
2
2
2
2
2
8
8
2
27
2
39
2
2
2
8
8
8
8
2
2
2
2
2
2 64
2
4 73 2
2 450
2 10
3
2
2
2
2
3
3
64 2
2
44 124 462
2
2
2 73 246 42 43 45
313 16
43
361
1
2
2
2 373
373 2
2
2
2
2
2
2
2
2
18
2
2
2
2
2
2
2
2 22
2
43
43
2
2
2
2
2
2
2
37
2
2
99 3
2
2 131
2 463 131
2
131 2
2
22 2
2
2
169 43
17
17
17 187
2
2
2
2
2
2 109
18
49
1
2
2
2
2
2
2 124
2
2
2
2
2
2
2
2
126 2
42
2
2
16 5
2
45
45
2
42
2
2
2
2
2
44
2
64 307
8
2
2
2
2
2 64 4
2
18
2
2
2
2
2 21
3
2
3
39
2
2 282
2
2
2
2
66
66
66
66
39
39
3
3
2
17
16 150
2
2
38 2
2
99
17
99
2
2
2
2
2
2
2 10
2
2
2
45 17 38
3
3
2
2
2
2
2
2
2
2
2
2
2
2 42
2
3
2
2
2
2
106 2 73 126
2
2
2
2
39
148 2
4 2
2
2
2
2
12 36
2
2
2
4 2
464 465 466 467 2
44
2
3
3
3
2
2
2
3
2
2
2
2
2
2
2
64 73 2
2
2
2
2
299 468 8
2 8
2
2
2
3
2
2
2
2
2
45
2
17
8
8
109 439 27 469 10
2
2
18
17
2
2
2
2
2
2 98
2
2 17
2 187
2
98
109 129
3
2
2
2
101
101
42
162
2 44
2 1
13
2
43
3
3
3
42
42
2 3
3
2
3
2
2
37
2
2
3
3
3
3
185 44
2
2
2
8 20 327
8
3 43
2
2
2
44
2
2
2
163 2 10
3
2
2
2
97 2
2 23
2
44
8
2
2 10
2
2
339 3
3
2
3
2
2
46
43
43
177
43
2
2
2
2
2
2
2
45
45
45
2
2
2
45
45
45
10 2
2
2
2
2
2
70
3
2
3
3
2
2
2
2
46
65
2
2
2
2
2
100 42
100
2
3
3
45
17
2
2
2
2
2
2
1 2
2
2
2
17
2
2
2
2
2
2
2
2
2
2
2
2
2
98 2
2
2
246
98 2
2
2
2
2
2
2
2
2
2 131
2
2
2
65
65
2 102
8
2
2
2
2
2
2
2
98
98 96
43 96
37
2
2
3 131
2
18 2
2
2
2
62
2
2
2
2
2
2
2 8
2
3
2
2
234
2
2
67
2
2
2
3
100
2 435
2
2
2
2
39
158
2
2
49
101 2 470
110 2 44 18
18
2
2
2 18
2
2
2 470
2
2
2
2
2
2
2 125
2
2
2
2
22 2
70
70
70
2
2
2
3
2
2
3
2
2
2
2
3
12 43 155
41 2
2
2
2
3 17
2
2
2
2
2
471 472 473 7
2
100
2 37
70
70
2
100
100
171
2
90
246
2
2
10 2
2
2
2
2 18
2
2
2
2 1
3
3
3
2
43
43
3
8
2
107
107
2
107
2
171
171
107
2
171
16
14
14
171
171
2
2
2
2
2
2
2
2
2
2
2
2
2
2
2
2
2
2
2
2
171
2
2
70
2
2
46
2
2
2 7
2
2
2
2
2
2
2
2
2
2
2
44
44
199
2
2
2
73 4 64 2 131
4 2
2
2 124
5
109 2 245
2
2
2
2
2
2
38 363 2
387 385 2
2
2
2
2
2
30 2
2
2
2
385 2
2 4
2
2
2
2
2
2
2
2
2
2
2
2
2
2
2
2
2
2
2
2
2
2
64 2
2
2
2
2
2
2
2
17
2
2
64 4 111
111
2
2
2
2
44 401
2
2
2
44
181 44
2
2
2 44 18
42 14 246 2
44 474 475
2
2
2
2
2
2
2
2
14 49
2
8
2
2
2
2
2
2
2
2
27
2
2
2
2
2
234
43
2
2
2
3
39
39
2
2 18 64 4 317
2
2
2
2
2
2
2
2
2
2
2
3
12 17
3
2
2
3
3
3
2
2
18
2
2
2
2
476 2
2
2
2 22 73 30
44 2 299
44 299
131 3 384
3
17
2
2
7
2
2
2
2
2
2
3
14
14
14
14
158
367 2
2
2
2
73 2
44 90
101
2
2
2
2
3
2
3
2
18
2
2
148 2
2 131
3
45
18
2
2
2
18
2
2
2 169 124
2
10 8
199
2 18 4 30 73
2
3 43
2 12
39
2
2
2
2
2
2
2
2
2
2
2
2
2
2 477
2
62
2
2
2
2
2
2 44 46 12
2
2
2
2
2
2
2
2
2
2
2 12
2
2
2 22
13
3
3
3
2
2
2
2
2
2
2
2
2
2
3
3
2
3
2
2 272 142
3
2
8
2
2
2
2 44
2
2
2
2
2
2
2
2
17
128 17
45 7
16
16
16
16
16
2
2
112 17 45 128 113 3
258
2
2
2
2
2
2
2
4 64 2
2
2
2
2
2
2
2
2
2
3
43
2
2
2 478
110
2
2
2
2
2
51
2
44 129
2 18 129
2
2
2
2
39
39
2
266
2
2
2
2
2
2 46 44
2
2
2
2
2
2
2
2
2
3
2
2
2
2
2
2
4 64 30 2 112
2
2
2
2
2 4
2
2
2
8
7 2
2
2
2
2
2
2
2
2 479
2
2
18
2
2
2
2
2
2
2
3
2
2
2
2
2
4 64 73 126 2
2
2
3
2
2
2
2
2
2
2
2
2 131
2
2
2
44
2
2
234
2
2
2
2
2
2
2
2
2
2
2 21 46
2
2
42 150
43
2
2
2
45
2
98
2
2
2
2 4
2
2 8 64 4
480 2
2
2
2
2
2
2
2
39
2
2
2
42
2
2
2
18
42
2
2
130
2
2
145 481 2
2
2
49
5
4 2
2
2
2
2
2
2
2
2
2
2
2
2
2 8
44
246
227 482 46 2
2
6 2
2
2
2
2
2
2
100
100
100
3
100
2
2
100
300 14
14
2
2
2
2
2
2
2
3
2
2
2
2
70
70
2
2
1 2 22
2
2
2
2
2
2
2
2 37
37
37
37
91 2
2
2
2
2 18
2
2
3
3
3
2
2
2
2
2
2 113 483 484 485 272
2
39
1
2
2
2
2
2
2
2
2
2
2
2
19
2
2
2
2
2
2
98 2
2
2
98
14
14
14
17
42 17
2
17
3 17
17
91
45
2
3
2
98
2 10
2
43
43
2
2
2
2
2
2
2
2
2
2
3
2
2
2
2
2
2
2
2
2
3
2
2
176
2
2
2
2
2
2
2
2
2
2
2
2
2
2
2
2
2
2
44
2 44
2
2
2
2
308 4 126 64 30 2
2 31
2
2
2 96
3
2
66
66
66
2
2
2
2
2 18
284
9 2
2
44
44
2
2
2
2
55 486
2
2
2
2
4 32 2 64
2
17
17
2
2
2 4
2
2
2
21 2
2
17
133 2
1
42 487
70
2
1 124
2
2
43
2
2
18 2
12 2
44
2
2
2
2
2
2
8
133 2
16
16
7
2
3
44
2
2
2
2
2
2
2
2
38 2 363
2 196
2
2
2
2
30 2
2
2
64 2
2
1
2
8 2
2
2
2
43
196
2
2
4 64 2 12
2 40 12 4 155
2
108 27 169
2
2
4 29 64 2
2
45
2
2
2
8
8
313
3
37
37
37
37
2
2
2
2
2
2
2
2
2
2
44
177
2 98 25 488
2
2
39
2 4 12
2 12
2
2
13
7
2
18
2
2
2
2
12 2
2
2
2
2
98 2
2
2
2
2
2
2
2
2
162
110
2 8
2
2
2
187 43
3
263
2
10 2
110
2
39
39
39
2
2 91
298 388 66
16
39 97
39
16
16
66
2 90
2
1
2
2
2
2
44
2
177
177
177
97 177
177 97
177
39 270 97 177
39
2
2
2
2
2
2
2 274
2
2
489 259 1 8 44
259 44 8
2 26
2 31 180 64 310 102 4 113 29
64 4 179 44
2
2
2
2
2
2 12
2
18
2
2
266
2
2
2
43
43
2
3
2
2
2
2
2
2
2
44
2
2
2
2
2
2
2
2
2
2
2
2
2
2
2
2
2
3 112
3
2 8 44
2
2
2 1
2
2
2
2
17
3
2
2
2
2
17
249 130 176
130
176 44 8
130
2 130
176 130
44
2
2
4 64 2 155 40
64 2
2
2
2
2
2
2
2
2
206
23 2
2
2
2
2
66
2
2
2
45 12
3
2
2
2
2 131
2
2
2
2
38 2
2
49
2
3
2
2
2
2
2
45
45
45
2 1
2
66
45
490
2
2
2
2
3 155 131
3
2
300 2
2 397
2
2
2
2
2
2
2
17
2
2
2
2
2
2
3
3
2
3
3
3
2
2
2
2
43 3
73 4 2 55 126
2
17
43 187
2 98
2
2
44
2 1
2
2
2
44 4 400
2
2
2
2
2
2
2
112 3 491 167 131 113 492 493 494 495 496
3
3
3
497 2
2
2
2
2
2
3
128 45 3
2
2
3
2
2
2
2
2
2
2
2
2
2
2
2
39
2
42
2
42
8 2
8
8 2
2
2
8
2
4 248 2
247
2
2
2
2
2
2
2
2
2
2
42
37
2 44
2
2
3
2 498 12
2 165
2
2
2
2
2
2 131
2
2
3
2
10 2 499 500
44
2
2
2
2
2
2
44 2
10 2 40
2
131 2
41 3
17
100
2
2 4
2
2
2
3
2 4
3
2 18
2
90 501
2 1 44
2 18
1
2
46 44
2
2
26 25 44
2
2
2
10 2
2
18
4 64 2
2
2
2
2
38 2
2
2
2
2
2
2
2
18
2
2
2
98
2
2
2
2
2
3
110
110
110
2
2
18
2
2
2
2
2
2
502 1
2
2
2
2
107 44
2
2 18
2
2
2
2
2
2
2
503 25 3
128 14
2
109 2
3
2
2
42
30 126 2
22 2 23
3 2
2
2
45
3
3
2
2
2
2
2
3
2
2
2
42
42
42
42
42
2
2
2
2
2
17
49
49 2
44 70
70
2
2
2
2
66
19
19
37
37
37
2
2
39
39
2
2
2
2
2
3
49 2
49
2
2
2
51
47
2
17
45
2
2
2
2
290 39
90
2
197 2 7
4 2 64
2 25 28 256 504 38
2
2
2
2
3
3
2
2
65
2
2
2
2 505
42
42
2
2
2
2
2
2
2
2 268
2
2
2
2
2
2
131 40 2
3
3
3 10
3
3
3
10 3
10 66 2 3
2
2
2
2
2
40 2 1
2
12 2
3
43
2
2
2
2 1
2
2
100
99
2
4 2 32 310 105
2
2
110
62
131 2
2 506 22 10
2
2
2
2
2
2
2
2
2
2
17
66
8
2
3
2 8
2
140
2
2
2
30 56 126 4 8
2
2
3
2
2
507 2
4 62
2
2
2
2
44
78 2
2
2 4 64 126 32 57 30
2
2
48
2
2
2
2
2
2
2
2
2
246
7
7
2
2
2 38 98
2
2
2
2 43
2
2
64 2
2
2
2
2
2
2
2
2
2
2
2 155
10 2 142
2 3
2
2
2
8
2
2
42
2
17
43
508 2
2 44
2
2
2
2
2 97 27 44
62
2
2
70
45
17
2
2
2
2
8
3
65
65
3
3
3
2
2
2
2
98
2
2
2 111 101
2
2
2
2
2
2
2
2
2
2
2
2
2
2
2
2
2
2
45
2
3
2
3
2
2
3
2
45
21 12 2
2
3
3
3
2
2
43 12
1 8 509
98 2
2
2
2 12
2
2
2
2
2
2
2 1 8
2
2
2
2
2
2
2
2
2
3
3
2
2
2
510 2
2
2
2
2
44 511
512 408 2
98
2
73 4 2
2
2
44
2
2
2
2
2
2
2
2
2
2
2
2
2
2
2
2
13
2
107
2
2
311
2
2 98
42
2
2
2
2
2
2
2
98
1
284 140
2
2
2
2
2
18
2
2
2 56
44
513 2 169
2
44
2
2
2
2
2
2
2
17
17
2
2
2
2 514
2 18 162
2 110
2
2
2
2
2
2
2
42
2 18
2
4 8 2 73 30
2
2
2
2 18
44 2 90 10
8
2
128
2
8 2
2
2
2
2
2
7
2
3
3
2
8
2
18
18 2
10 2
39
2
2
2
2
67 49
67 49
2
14
14
8
42
42
42
42
2
2
2
14
14
2
2
2
2
42
2
2
2 8 179
2
2
48
48
2
1 2
2
44
14
99
2
2
2
42
2
17
2
8
2 8 96
62
2 1
1
2
3
2
2
2
14
14
14
23 70 4
2
111
2
110
2
98
418 185 200 44
2
3
3
3
3
3
3
2
2
2 272 98 4 73
8 124 12
44 121 124
2
64 2
2
62
101
2
2
7 2
2 21
7
7 129
129
2
21 2
2
2
2
2
3
2
2
2
2
2
2
2
2
2
110
62
2
2
184 2
2
2
2
2
2
2 515
2 1
2
2
2
2
2
12 2
98
45 3
2
3
2
2
2
2
39
10 2
2
131 2
2
2
2
17 45
14
2
2
2
18
8
7
16
2
2
14
49
2
2
2
2
2
30 4 2
2
2
2
2
2
2
2
2
2
3
2
3
3
3
2
2
2
2
8
3
2
2
2
17
17
27
2
2 44
2
2
2
2
2
2
90
97 99
2
44
2
2
2
14
14
44
44
2
2
2
2
2
2
2
3
3
2
39
44
43
2
2
2
2
2
2
2 124
2
37
37
7 2
2
3
2
14
4 2
2
2
2 385 21 131 146 143 366 516 420 113 406 517 185 518
2
2
2
2
2
2
2
44
2
2
2
2
2
2
2
2
2
2
2
2
2
2
2
2
2
2 8
2
8
2
140 2
8
8
2
8
2
2
41 2
2
36
2
2
56 49 67
67
67
67 14
67
49
39
99
99
99
99
67
14
2
2
2
245 66
39
39
99
2
2
2
519 4 2
2
2 8
2
2
2
2
2
2
2
2
2
2
2
2
2
2
2
2 194
2
2
2
2 17
2
2
2
2
2
2
2
2 106 56 64
2 10
258
258 42
2
2
2
2
2
22 2
43
2
109 2
2
2
2
2
2
62
2 7
98 2
2
2
10 2
2
2 18
2
2
2
3
2
2
2
2
2
2
2
2
2
2
2
2
66
32 105 2
2
196
2
2
2
2
131 17
2 7
2
2
2
3
2
36
2
2
66
2
2
3
3
2
2
1
2
49
49
49
49
67
49
16
2
101
62 101 2
4 2
109 2 3 394
3
90
2
2
2
128 17
2
42 2
2
2
2 18
3
3
2
3
2
2
2
2
2
2
2
2
2
2
2
2
2
43
2
43
13
367 2
8 2
2
2
2
2
3
2
2
2
2
10 3
2
2
2
2
2
2
2
2
2 18
2
2
1
3
2
2
25 256 334 39 97 520
169 2
2 44
2 131
2
2 131
2
62
2
2
2
64 2
2
2
2
2
2
2
44
90
2
2 12
2
2
2
2
2
2
2
3
2
2
2
2
2
2
2
2
2
2
2
2 18
2
8
2
284
2
2
2
2
2
2
2
2 38
2
2
2
2
2
98
2 12
2
2
2
2
2
2
16
16
16
2
67
67
67
2
12 67
14
3
3
2
2
2
2
3
2
129
10 2
3
2
2
2
2
2 4
17
2
2
2
2
2 131
128 2
2
2 124
2
2 8
2
2
4 3
3
2
2
2
2
2
2
2
2
2
2
66
44 96
2
2
62
2
2 3 40
39
2
97 2 133
2
3
18 1 2 30
2
7
18
98
18
18
2
2
4 126 2 41 131 12
42
2
2
2 4 64
2
2
44
2
2
2
8 521 522
2
2
2
44
14 2
2
50
44
2
3
3
2
2
2
2 18
2
2
47
2 10 389
2
2 3
3
2 213
2
2
3
2
2
2
2
2 22
2
2
2 124
2 170
2
44
124 2
2
8
2
2
2
2 18
2
2
2
2
44
99
3
3
3
2
18 2
2
2
2
2
2
3
2
2
2
2
2
2
2
2
2
2
2
2
2
2
8
2
70
2
2
2
2
17
17
17
36
2
2
520 2 255
45
43
124 46 2
55
2
2
2
2
2
2
2
2
2 441
2 98
3
3
44
2
2
3
2
44
2
73 2
67
14
2
70 22 24
3
3
2
2
3
2 168
2
3
2
2
2
2
2
45
2
2
44
2
2
98 2
98
2 12
2
2
2
2 274
2
2
2 523
2
2
2
3
43
3 2
2
2
2
2
2
2
2
2
356
2
380 8 2
2
8
2
2
56 2
124 2
3
2
2
2
2
2
2
2
2
12 44
39
2
2
90
45
36
43
45
2
64 102 2
2
2
128 17 43
2 64
2
2
2
2
2
2
2
40 2
2
2
2
2
2
2 8
2
8
2
8 524
41 8
8 524
2
2 524
2
2
44
2
2
2
2 12
2
2
2
2
3
44
10 213 2
2
2
105 2
3
43
2
2
2
2
2
2
2
2
2
2
2
2
2
2
2
2
3
2
2
2
2
1 2
2
2
2
2
525 526 527 2
2
2
2
385 44 2
44 12 431 165
2
2
2
2
2
110
110
110
110
2
2
2
12 2
2
388 66 27
392 388 2 298
2
2
2
2
2
2
130
176
3
2
44
2
2 18 41 1 8
67
67
3
2 12
43
30 64 2 62
2
44
2 44
2
2
2
2
8
2
17
2 97
2
2
2
2
2
2
2 64
2
2
2
44 2
2
2
2
2
2
2
4 126 29 2 40
2
39
8
2
2
2
2 12 25
140
140
2
2
112 4 64 2 10 170
3
3
3
2
2
2 196
62
3
2
2
2
2
2
2
2
2
2
2
2
2
2 8
2
64 2
2
2
2
2
2
97 39
97 65
65
39
2
2
2
2 113 125 528 107 529
2
2 44
107
17
4 29 2
2
3 128
2
2
2
2
2
2
128
13
2
2
3
3
64 4 126 73 2
2 10
2
2 109
11
3
3
2
2
2
4 64 2
2
2
2
2 8 64
2
2
2
3
44
2
2
2
2
64 102 2 11 236 4 26
27 213 26
2
44
2
2
2 4
2
3
2 122
2 18
233
2
2
3 43
3
2
2 10
2
11
2
3
2
2
37
2
2
2
2
3
2
2
8
2
2
30 4 64 2
2 18
2
2
2
3
313
2
2
8
49
42
2
2
2
2
50
17
17
2
3
3
70
2
3
2
2
2
2 98 44
2
2
2
2
2
2
2
2
2
2
2
4 2
44
2
2
2
2
109 17 45
17
2
2
2
2
4 2
2
2
49
2
2
2
2
2
2
2
18
2
2
2
2
2
2
2
2
17
17
2
2
2
2
2
2
2
2
2
2
3
3 43
3
3
43 213
2
3
2
530
531 2 4 126
532 533 43 3 2 98 46
2 4 64 43
96 46 2 1
44
2
2
62
435
46
1
1
1
1
1
2
1
1
2
2 10
2
2
2
2
2
4 2
4 64 2
2 4
2
2
129
2
2
2
2
2
2
2
2
2 4 155 64
2
2
3
44
2
2
14
2
2
23 2
2
50
107
2
380 254 8 2 1
2
2
2
2
2
2
2
2
2
2
2
2
2
2
2
2
2
2
2
2
2
2
2
2
2
2
2
2
2
2
2
2
2
3
2
2
2
2 106
2
2
2
2
2
2
2
2
2
2 133
19
19
321
321
534 2
299 321
321
47
47
47
321
2
7
2
47
199
321
321
199
42
321
2
299 321
47
2
2
2 39 219 97 332
113
256
2
2
535 2
2 440
2
2
2
2
2
2
2
17 2
99
39
2
3
536 2 537 44 528 421 280 253 380 538 539 540
2
91
37
2
2
131 40 2
2
2
2
2 98 8 64
2
2
2
99
2
2
2
2
2
2
2
2
2
128
3
3
2
99
99
42
2
2
2
2
2
2
2
98
2
2
2
2
2
2
2
2
98
2
2
2
2
2
2
2
2
98
2
2
2
3
2
25 98
16
26 27
27 26 265
2
2
3
2
3
2 537
2
2
2
2
65
3
3
2
2
2
2
3
3
2
2
2
2
2
110
2
2 17
2
2
2
2
2
2
98
2
2
2
2
2
2
2
2
2 4 29 106
2
2
2
2
2
2
2
2
2
258
2
2
39 41
39
42
42
42
42
42
39
246 264 364
39
39
39
264
39
3
3
42
42
39
42
42
39
258
177
258
258
42
42 97
8
2
64 44 3
43
3
14
2
2 405
2
2 44
2
124 2
2
2
2
245 298 2
112 17
2
42
42
17
2
2
2
107
2
2
2
2
2 13
4 64 541 106 56 29 2 55
2 542
16
14
14
2
2
2
2
17
23 101 130
8 1 2
2 64 30 4 1 8
2
2
2
4 2
2 25
2
2
2
62
3
133 3
2
2
234
311
311
2
2 18
299 8
543 2
544 2 543
17
17
44
17
17
43
43
43
43
17
17
2
2
2
2
45
138 49 9 545
29 2
30 2
2
2
2
2
2
43
2
2
2
2
2
66
2
3
2
4 64 2
2
39
2
44
2
62
2
2
2
44
2
2
44
44
2
2
2
64 2
2
10 2
2
454 2 546
2
2 113 40
2
2
13
2
2
2 12
44 2
2
2
2
2
2
45
17
2
44
2
44
2
2
19
65 2
179 30 4 2 107
2
2
41 2
2
2
2
2
2
2
2
2
2
2 4
324 112 547 548 32 310 8 2 131 113 297 3
2 44
2
2
12 49 212 9
2
17
17
17
3
3
2
2
2 18
2
2
3
2
39
39
39
39
4 2
2
2
2 10
2
2
2
2
8
2 18 367 489 549 550
2
2
2
2
2
131 8
8
2
2
2
2
3
14
14
2
14
14
14
14
14
14
14
14
14
14
14
14
14
14
14 90
90
2
2 12
2 12
551 2 324
2
43
73 2
2
2
18
39
2
3
3
3
3
2
131 2
2
2
39
3
2
44
2
2
2
13
2
2
3 113 2
98
2
2
2 21
2
2
2 196
25 502 27
2
2
2
2
2
2
2
2
2
2
17
17
17 3
37
43 42
2
98
8
94 2
2
2
2
2
2
1
44
2
2
2
70
2
2
2
3
2
56 2
2
321
2
2
2
2
2
196
2
43
2
2
2
2
2
2
2 20 552
2
2
2
2
2
2
2
2
2
64 2 101
2 20
2
2 18 113 4 73
2
2
3
2
2
2
2
2
2
2
2
2
2
2
2
2
2
19
39
4 2
2
2
2
2
2
2
2
39
39
2 40 18
68 126 4 542 64 2
2
2
2
2
98 2
2
98 553 2
2
3 2
2
2
2
2
45 3
2
2
2
2
42
4 2 73 64 22
44 2
2
2
3
2
2
2
2
17
2
2
245 2
2
2
2
3
133 554 3 113 43 139 555
2
2
2
2 20
2
8
353 8
2
2
2
14
2
55
2
55
2
162
2
16
556 2
2
3
2
2 113 131
2
17
1
17
14
3
214
214
214
214
172
14
130
130
3
2
97 177
2
2
2
2
2
2
8 2
2
2
2
2
2
2
10 2 131 41
65
3
3
98
2
2
2
2
2
2
375
375
375
2
2
2
2
2
2
2
2
2
2
2
43
43
3
2
2
2
44 276
38 16
3
2
2
2
2
2
2
2
2
2
2
2
2
44
17
2
7 22
2
70
2
49
43
246 187
2
2 18
2
99
39
2
407 2
44
2
43
43
43
2
2
2
2
16
43
43
2
3
44 262
2
2
2
2
17
2
284
14
2
2
64 2
2
2
183 182 136 426 2
2
176
91
70
111
18
2
98
2
2
2
2
2
2
2
2
2
2
2 10
2
2 25
2 44
2
98
9 212 138 14 163 101 111 50 2
2
2
557 558 62
2
14
2
2
2
2 44 4 308
12 3
2
2
2
2
38 2 112 236
38 2 1 44
2 112
2
2
2
38 2
2
38 2
2
2
2 112
2
3
2
4 2
2
2 18 169
2
2
2
2
2
2
2
2
2 44
2
2
2
2
2
2
2
4 64 2
8
2
2
2
2
2
2
2
2 20
2
2 40
2
2
2
46 2
12 2 7
2
2
2 144 10
12 2
2
2
2
2
2
3
2 44
2
2
2
2
2
2
2
2
2
4 2 62 124
2
2
39
43
43
2
2
44 2 49 9 12
2
3
2
2
2
2
2
2
2
12 2
2 1
2 44
2
2 1
2
2
3 43
44
2
3
3
2
2
2
3
2
3
2
2
2
2
2
2
2
2
2
2
44
2 62
2
2
2
2
2
2
2
2
2
2
2
2
2
2
2
2
2
44
1
8
8
2
1
2
98
1
43
2
2
2
2
2
2
14
14
14
14
14
14
14
14
14
14
67
13
2
3
2
177
177
177
39
177
100
25 2
2
2
2
2
2
2
2
2
2
2
39
42
2 90 4 126 30 106 274
2
66
66
17
17
110
110
176
176
176 101 62
158
172
47
176
176
2 45
2
2
2
2
2
2 18
2 90 18 22 299
2 299 98
12 2
2
2
2
2
2
42
2
2
2
2
46
2
2
2
2
2
2
2
2
2
2
2
2
2
2
8 2
2
21 2
2 48
2
2
2
2
97 39 99
99
99
39
99
99
99
100
99
2
284
3
2
2
2
8 2
2
2
2
97 39
39
2
2
43
43
3 43
5
2
2
3
50
50
129
2 44 40
44
2
2 22
2
2
2
3
2
2
2
2
2
48
2
111
111
3
2
43
111
2
2
2
2
3
3
96 3
2
2
2
2
2
98
2
98
2
2
2
4 2
2
2
2 162 18
2
2
2
2
2
2
2
2
2
2
2
2
2
2
2 8
4 2
2
2 1
2 1
2
2
18
2
2
2
2
2
2
2 6 18
2
2 163
2
2
2
2
110
50
2
2
2
2 498
2
2
193
17
17
2
2
2
2
2
111
2
2
2
62
2
2
2
2
2
2
2
98
2
2
2
2
8
2
18
264
40 559 560 561 2
2
2
2
2
2
2
2
2
2
2
2
39
66
126 64 2
2 10
67
67
2
67
49
49
49
67
67
2
3
3
2
2
41 2
2
2
99
2
3
2
213 3
62
2
2
2
2
2
2 25 282 10
291 3
3
2
2
2 22
42 100
45
3
2
39
2
3
2
2
8 2
2
107
107
2
2
3
2
2
42
2
2
2
43
2 38 397 154
62 2
2 62
2
1
2
2
17
2
2
2
2
8
2
3
55 23
44
2
98
62
90 190
2
2
2
2
2
2
98
5
2
2
2
2
4 55 2
2
2
17 3
2 21
2
2
2
2
2
2
2
2
2
2
2
21 17
2
2
2
2
12 100
100
100
100
100
42
100
100
3 97
3
44
2
2
2
2
2
2
2
2
43
2
2
2
2
2
2
2
2
44
2
3
3
3
16
2
2
10 2 12
2
2
2
18
2
282 8
540 2 528
2
1 2
2
2
2
2
91
2
7
2
2
2
2
2
2
2
1 2
2 8
2
2
2
2
2
2
2
2
2
50
2
8 121
2
46 12
2
2
2
2
2
2
2
2
2
2
2
2
2
2
2
2
2
2
2
2
44 8
2
2
285 2
2 37
2
2
2 8
37
37 2
2
2
2
37 2
2 44 169
109 2
2
2
2
2 37
2
2
2
2
2
2
2
8
246 258 2
2
8
44 8
2
2
2
62
2
2
2
62
2
2
2
17
3
2
3
2
2
2
2
2
2
2
2
2
3
3
3
2
2
2
2
2
2
2
321
2
2
2
2
2
2
2
2
2
2
2
2
2
2
2
2
2
2
2
2 10
2
2
2
2
39
2
2
126 2 64
2
241 562 2
241 2
2
2
2
563 44
2
2
2
2 8
2
2
196
2
2
2
2
2
3
2
8
67
3
43 396
30 2
4 126 2
2
2
4 30 2
2
2
97 2
2
2
180 4 2
2
2
2
2
44
2
2
2
2
2
182 2
112 2 44 20 161 41 131 113 69
2
3
3
43
2
2
2
2
43
2
2
44
176
176
2
2
2
2 20
2
8
44
2
2
2
2
18
2
2
2 64 4
2
7
7
7
2
18
42
42 109
2
3
8
131 2
2 18
2
45 17
2
2
2
2
2
2
2
2
2
2
2
2
17
2
2
2
2
2
2
2
2
42
2
2
2
2
2
2
2
2
2
2
2
2
98
158
2
2
2
2
2
2
2
2
43
3
2
2
2
2
2
2
2
2
2
2
2
2
2
2
129 2
2
2
2
2
2 8
2
44 113 564
2
2 1 4
3 187
2
165 1 427
98 2
3
2
8 565 367 385 537
2
163
196
30 4 2 64 40 46
140
8
140
2
2
2
394 566 2
3
2
3
65
2
98
2
2
8
2
2
2
2
2
2 7
2
2
2
2
2
2
2
2
2
2
18
2
2
2
2
2
2
2
2
66 567
2
98
2
2
2
4 106 30 2
568 569 570 571 572 573 2 98
2
249 2
2
574 2
43 167 177 2 1
537 2
162
2
2
2
2
2
2
2
2
2 10
2
10 2
2
2 18
2
2
4 2
2
2 4
3
3
2
17
2
2
2
2 38
2
2
2
21 575 278 12 90 2
44 2 64 4
44 272
3
2
2
2
3
10 2
2
111 450
2 98
2
2
2
2
2
2
2
2
4 64 2
2 8
2
2
2
2
99
44
2
2
3
39
2
42
42
42
12 2
2
2
2 10 576 120 475
2
2
2
2 90
2
2
66
3
258
2
2
2
2
2 62
2
3
3
3
3
3
3
2
17
42
2
2
2
98
2
17
2
199
2 18
2
3
3
42
2
2 10
110
3 2
2
2
2
18 2
2 44
66
42
2 90
110
2
43
2
2
2
2
2
2
2
2
2
2
65
2
2
2
2 18
3
2
2
2
2
2
2
2
2
264 128
264 128
128
2
2
2
2
2
42
3
2
3
39
2
90
2
2
2
2
2
2 145 169
111
4 2 59 236 106
2
2
98
111
2
2
2
90
66
2
2
2
2
2
2
2
2 227
2
2
2
2
1
129
2
16
172 2
2
2
2
2
2
42
2
2
39
49 67
67
3
2
46 7
2
2
43
2
2
2
2
16
131 2
2
2
2
3
3 356
2
2
175
175
2
2
2
2
45
2
2
2
17
2
2 121
2
2
2
2
18
100
2
2
2
2
2 7
3
2
2
2
2
2
2
2
2
131 2
2
2
2
2
2
2
2
2
2
2
2
8
2
2
29 4 126 56 64 106 30 2
2
2
2 18
2
2
2 169
2
2
2
2
2
2
66
16 2 73
2
2 16
64 16
2
2
17
18
30 4 64 2
100 39
39
99
2 101
2
2
64 4 2
8
284
2
2
2
2
17
2
2
2
2
90 2
2
2
62
2 18 36
3
43
2
2
2
2 23
2
577
2
2
29 4 2
2 4
8
2
2
2
2
2 18
2
2
44
2
2
2
2
2
62
2
30 126 4 197 2 22
2
2
2
2
2
2
2
2 578
2
4 2
3
2
2
2
2 73
13
2
2
2
16
16
16
2
2
2
42
2
234
2
213 44
2
18
2 8
44
57 170 55
173 170 8
2
2
98 2
18
2 18
2
18 2 44 101
50
2 50
50
50
2 18
2 18
2 18
107
2
2 18
2
393 42 395
2 55
2
2
2
2 18
2
2
18
2
18
107
32 4 197 2
2
2
2
2
2
2
2
2 4 106 308
2
2
2
2
2
2
2
2
18 2
2
2
16
2 548
18
2 18
18
18
2
2 8 579 580 581
2
2
17
17 45 3
3
121 17 45
158
3
3
163 2 44
2
2
2
37
45 128
39
39
2
2 342
43
2
2
2 582
2
2
2
2
12 3
3
18
2 12
2
2
2
2
2
2
2 44 41 40 154 131
2 18 10 213
3
2
2
2
2
2
2
2
2
2
2
2
2
2
2
2
2 150
2
2 583
2
2
43 3
43
43
12 2
2 30 106
2 4 30 57
2
62
2
2
45
45
128
128
2
2 18 8
8
2
2
2
2
3
2
2
2
3
2
37 193 2
2
2
2
2 37
2
37
5 13
128
2
18
2
2
2 8 68
2 73
2
2
2
2
2
2
2 10
2
2
66 2
2
8 66
2
3
2 38
2
2
3
3
584 2
62
62
2
19
19
19
4 2
3
3
3
3
2
2
42
43
2
2
2
2
2
2
17
70
2
2 98
2
2
2
2
2
2
2
2
2
2
2
2
3
2
2
2
2
37
2
2
2 8
2
2
2
2
2
2
2
2
2
2
2
2
2
2
2
2
2
2
2
2
2
2
2
2
2
2
2
2
2
2
2
2 98
2
2
2
2
2
196
99
2
2
2 131 40
2
2
2
4 64 126 2 1 10 213
55
2
2
2
2
2
43
2
2
2
2
2
258
2
2
2
2
2
2
2
46 8 7
2 46
46
46
7 585
2
46 124
98 2 7 46 44
46
46
2 46
2
46 2
2
46
2 46
44
7 46 124 2
2
2 46
98 46
46
2
2
2
2
2
2
2
2
2
2
7
2
2
2
138 49
3
2
18 2
43 187 2
2
64 2
2
3
2
3
2
110
110 284 62
2
101
1
2 18
2
2
2
43
2
43
18 1 2
2
2
2
2
2
2
138 49
2
2
2
8 12
3
3
2
2
2
17
3
2
2
3
3
2
206
2
2
100
8
100
2
2
2
2
2
2
2
2
2
42
2
2
2
2
2
2
2
2
2
2
2
2
2
2
2
2 44
2
2
2
2
2
2
2
2
2
2
3
3 43
3
176
176
2
2
2 8
2 71
2
2
2
2
2
8
1
70
70
42
42
70
70
70
70
233
3
2
2
2
197 4 30 64 31 2 112
3
3
3
39
39
187
3 187
2
2
2
2
2
2
2
2
2
2
2
2
2
2
2 258
37
312
101
62
27
2
45 43 3
3
2
39 97
2
109 16 13
2
2
2 4 64
38 2
2
98
98
98
98
2
98 22 18 2
98
98
2
98 2
2
98
2
2
4 98 44
98
2
2
43
169 2
46
46
64 2
2
2
2
2 20 161
278 287 12 44
2
3
2 28
37
2 112
2
2
2 4
2
2
2
2
2
2
2
2
586 2 18 4 44 1 64 112 299
2
2
2
2
2
2
2
2
2
2
2
2
2
2
2
2
2
2
98
3 151
3 2
2
2
2
2
2
2
2
2
2
2
2
2 40
266
22 23 2
2
2
2 62
42
2
2
98
2
2
3 394
2
2 115
2
2
2
8
2 20
2
2
2
3
2
98
2
2
2
67
2
175
234
4 73 29 2
2
2
2
2 110
2
65
2
2
2
3
2
2
3
2
2 18
8
43
2 150
2
2
2
2
2
2
2
44 2
2
2
2
2
2
5
98
131 2 12
44
90
124 44 2
2
2
2
2
2
3
2
2
2
3
43
22 2
2
2 4 30
2 131
2
2
2
2
2
2 68
3
3
3
2
2
2
2
49
2
2
2
2
1
2
2
2
44
2
2
2
2
44 2 124
109 8
2 94 95
2
18 2
2
2
2
39
14
2
2 18
167 3 2 299 108 286 10 587 334
2
2
2
2
39
2
2
2
2
2
2
2
2 90
3
2
2
45
45
2
2
2
2
2
2
2
2 45 17
2
2
2
2
2
2
263
2
3
2
3
2
2
2
2
2 18 1
2
2
2
98 2
2
2
2
25 27
2
2
2
2
2
2
2
2
2
2
4 2 10
44
4 73 2
112 2 18
2
2
2 73 4
95 4 64 2
2 62 111
2 8
44 8 148
2
110
2
2 46 498
2
2
2
2 38 168
2
2
2 90
2
2
3 12
2
3
2 20 161
39
39 2 110
2
2
2
2
2
2
2
2
2
2
2
2
90
2 8
2 18
2 98
18
2
2
2
2
1
2
2
2
2
2
2
8
2
2
2
2
2
2
2
2
2
2
2 129
2
2
2
2
2
2
2
49
2 44
2
2
2
158
158 101 2
3
2
2
2
2
2
1
98
2
2
2
2
2
2
2
2
2
2
36
36
2
2 31 180
2
2
2 12
12 2
2
2
2 18 8
475 1
12 2
2 12
12 2
12 2
2
12 2
2
2
2
12 2
2
2
18 2
2
2
3
2
2
2 3
3
2
2
39
2
2
2 98
2
2 588
2
2
44 180 106
180 2 64
2
2
2 537
2
2
45
37
3
98 13 2
2
2
2
2
2
2
2 131
2
44
3
2 4
2
2
2
2 6
2
2
2
2
2
2
170 2
67
2
2
2
2
2
2
2
2
2
2
2
2 70
70
7 2
2
2
2
2
2
2
2
44 131 113 2
2
2
2
2
2
2
2
2
2
12 49
2
128
2
2
2
2
2
2 90
334 45 12
3
2
2 94
106 30 4 197 2 73 29 64
2
2
2
2 44
39
2
2
2
2
2 4
2 299
4 30 197 56 126 2 10
66
66
66
3
2
2
2 8
2
2
2
98
94 2 170 460 4 55 12 589
2
10 2 190
2
2
2
3
2
2 18
62 101 3
3
2
2 131
39 97
2
2
2
170 39 590
2
2
2
2
2
2
2
2
2
2 1
4 106 56 289 2
2
2 97
2
39
591 2
38 2
73 2 102 4
2
4 1 2
2
2
2
2
2 110
110
2
2
2
2
2
99
2
2
2
2
2
2
2
2
2
2
2
2
2
2
44 18
18 2
2
104 4 64 324 2
2
2 18
2
2
2
2
2
106 2
2
2
2
2
2
3
3
44
14
44 3
3
3
2
2
94 592 2
2
2
2
2 179 4
2
2
14
14
14
44
3
384 3
3
3
3
3
3
2
18 8
2
2
2 148
2
39
10 2 18
2
2
2
2
2
2
2
14
158
14
14
2
2
2
2
2
2
66 245
2
2
43
3
577 22 593 450 23 64 4 106 30 29 73 197 112
2
44
2
2
2
2
2
2 44
2
17 3
3
94 2
2 4
2
2
8
2
2
2
25 2
2
2
2
2
2
2
2
2
2
8 214
214
214
234
234
234
234
234
234
234
234
214
214
214
214
234
234
2
234
234
2 124
2
2 10
2
13 436
148 3
3
12 2
8
2
2
594 39
39
270 100
100
39
2
2
2
2
2 44
2 44
2
2
2 44
2
198 65
2
3
2
3
131 2
2
2
2
2
62
2
18
43
2
39
8 2
2
2
8
2
2
3
2 190
2
2
2
2 44
3
2
2
2
2
2
2
2
10 595 2
2
2
2
2
2
2
2
2
2
2
2
2
2 23
2
163
2
2
2
2
2
2
2
2
2
39
2
2 4 64 73 227
2
2
2
3
3 2
2
3 109
2
2
45
2
2
101
2
2
101
101 2
2
2
2
2
2 98 101
101
2
2
44
2
37
2
2
3
2
2
2 172 23
101 182
3
2 4
106 2 29 4
2
2
2
2
64 4 2
111 101 2
17
128
2
2
4 2
2
2
2
2
2
2
2
14
2
2
2
2
2
3
2
2
2
307
50
62
138 49
2
2
2
3
3
2
2
90
90
2
2
2
2
2
2
2
44 131
2 12
2
2
2
2
44 3
3
2 18
2
2
2
2
2
2
3
3 10
3 10
2
2
14
2
2
100
42 100
100
2
3
258
3
2 131
2
2
2
3
3
3
3
2
2
2
2
2
2
2
2
4 2
2
2
2
2
2
23 2
2
44 2 3 113 131
2
18
2
62
2
2
2 98
2
227 2
2
2 18
30 2
2
2
2
172
2
3
73 2 4
30 4 64 29 126 73 179 105 2 18
2
2
2
2
2
2
2
44
2
2
2
2 7
2
2
2 227
2
2
2 6
2
2
8 20
2
2
2
2
100
8
2
3
4 2 64
10 2
2
2
98
2
2
2
43
43
43
3 113 131
43
43
43
43
17 43
3
2
2
2
2
66
2
2
2
2
2
2 336
2
2
2
2
2
2
2
2
2
2
2
2
2
2
2
2
65
66
2
2
2
14
17
2
17 12
12 2
2
553 2
2
2
2
2
2 44
21 43 3 131
2 43 4
4 2
2
2 41 40
2
2
2
2
2
30 2
2
2
2
2
2
2
2
7
74 42
97 66
111
16 10
111 2
2
2
2
2
2
111
111
2
2
2
2
2
2
2
2 30
2
2
18 2
2
2
2
8
70
70
2
2
2
3
2
122 2
3
2
99 12 121
100
2
2
2
2
66
3
3
2
2
2
2
2
2
2
2
2
2
2
2
3
2 356 46 187
356
46
2 46 8
2
2
46
2
8
2
2
3
44 2 4
2
3
2
2
2
2
3
30 4 64 2
155 2
2
2
14
2
2
2
37 170
2
1 2
2
91 37
2
2
2
2
2
162 110
2
2
64 4 2 8 97 131
2
18
2
2
2
2
213 17 43
17 43
17 213
213 17
17 3
187 17
3 17
17
1 124 213
17
17 45
43 3
17 43
43 45 17
17
17
17 187 43
17
17
17 3
17
17 43 128 213
213 128 17
45 128
13 128
128
213 17
389 17
389 17 213
17 43
17
128
17
17
43 17
17
17
43 17
213 17
17
17
17
13
17
43
43
17
17
43
17
17
43
90
100
4 2
490
91
9 12 42 38
2
2
39
2
2
42
42
2
3
3
2
2
2
2 18
2 106 4
2
2
1
2
2
2
2
2
2
2
2
2
2
2
596 2
2
2
2
2
2
2
2
2
2
2
2
2
29 126 4 2 18
2
2
2
2
40 2
2
17
12 3 155
64 105 4 2
2
2
98
2
2 7
2
2
8
2
2
19
3
17
2
2
3
3
2
2 10
2
12 2 131
2
2
2
14
2
2
2
2
5
126 2 64
2
2
2 97 597
98
2 8
2
8
2
2
2 10
2
2
2
49
213 47
17
17
356 395
39
2
2
2
2
2
2
2 4 121 182 6
2
70
70
2
2
2
2
2
29 8
2
2
2
2
2
2
2
2
2
2
4 2
2
2
2
44
21 12 13 17 3 2 8
2
2
2
2 18
2
3
2
1
2 44 1
2
2
2
2
2
2
2
4 64 2
2 94
2
2
126 2 4
2
45
2
2
2
2
2
2
2
2
8 21 12 2
598 2
2
2 4
40 41 2 4 126 12
17
2
2
2
2 4
2
2
68 55
3
17
2
3
39
39
321 190 10
17 151
109 2 73 542 197
2 298 599
2
2
10 461 2
2 20 124 66 10
2
2
2
32 2
2 109
2
2
131 168 3 45 17 12 194
2
2
4 73 30 2
2
2
2 247
2
2
44
2
2
12 44 2
2
2
2
2
2
2
600 2
2
3
3
3
16
3
43 3
42
3
2
2
4 29 308 2 64
2
45
2
3
2
2
2
3
30 2 94
66
3 17
187
2
2
16
2
49
16
16
16
2 263
43
2
56 2 64
2
2
2
2
2
39
2
8
2
12 3
2
21 3
3
3
3
3
3
2
2
2
2
2
14
14
14
2
2
2
2
2
3
40 65
44 2
2
17 3 19 40
2
2 601
22 2
18 2
2
8
2 90
2
2
2 4 64
2
128 17 45
2
2
7
2
2 13
5
258
3
2
2
1
2
3
2
2
2
2
111
101
10 2
2
2
2
2
2
44
44
2
2
47
2
602 44 447
44
2
2
2
2
2
64 4 2
3
17
3
2
2
8
2
4 2
2
2
2
3
3
17
2
2
3
2
2
2
3
43
19
19
17
2
2
2
2
2
2
2
2
2 169
2
1
2
2
2
2
2
2
2
2
2
130
520 100
2
2
2
2
2
2
2
45
39
2
98 2 22
2
2
2
42
2
99
130 140 162
140
90
285
162
2
2 18
17 43
2 8
7
2
2
2
2
66
246
246
2
2
2
2
2
2
111
64 2
3
3
36
3
2
2
2
2
2
3
2
2
2
2
2
2
2
2
2 121
2
2
2
2
2
2
2
2
2
2
2
2
98
2
2
1 44 2
2
3
19
44
93 603 359 604 94 78 605 4 29 126 2 56
2
2
2
2
2
2
2
2
2
2
42
44
2
2
128
3
2
2
3
2
2
17
187 45
187
45
2
2
2
2
2
2
2
2
2
2
2
2
2
2
128
246
2
44 113 2 3
44
2 44
2
2
2
16
2
177 42
2
2
2
2
2
2
2
2
2
13
128
2
2
2
126 2 10
4 64 29 126 2 17
2
2
3
3
2
2
44
2
2
2
2 112
2
2
47
606 342 3
3
3
2
2
2 143 479 4
8 2
2
2
2
10 2
10 2
2
2
14
2
2
2
10 2
2
2
39
39
126 2 64
2
2
2
2
2
2
2
3
3
3
2
2
2
41 2
2
2
2
110
2 197
2 18 8
8
70 2
70
2
2 18
2
2
3
3
3
2
2
3
2
2
2
2
2
2
17
2
3
2
3 43
3
19
3
3
2
2
2
2
44
8
2
2
2 18 1
2
2
2
2
42
2
2
2
2
3
43
3
3
2
2
2
2
2
50
2
2
2
2
47
2
3
3
3
2
2
246 3
2
285
2
2 21
2
2
2
2
2
2
46
44
39
3
2
2
2
2
2
2
2
2
2
2
3
2
2
37
2
1
2
2
2
2
2
2
2
2
2
44 2
2
2
2
2
2
2
18
112 64 2 4 73
2
3
2
2
2
2
2 607
3
3
2
2
2 74
4 2 22 480 10 74 320
2
8 2
42
131 2
2
39
2
2
2 18
44
2
2 18 20
2
2
2
2
2
2
130 608 609 610 240 10 611 612 613
614 130
130 615 59
2
2
3
2
2
191 367 44
2
2
594 3
2
2
2
2
2
45
2
2
8
2
3
4 2
2
2
8 2
2 131
64 2
2
2
20 2
2
2
3
3
2
2
2
126 2 64
2
2
2
196
361
2
2
2 4
138 9 49 12
2
104 2 4
2
2
2
2
2
2 21
2
2
14
4 126 2
8
2
2
3
2 46
43 3
3 43
3
98
2
2
2
2
2
14
2
18
4 2
97 590 177 39
2
2
2
2
2
2
2 129
2
2
8 2 18 44
2
2
2 18
2
2
2 142
2
2
2
2
2
3 65
2
43
43
2
2
2
2 10
17
45
45
45
2 45
2
14
14
2
2
65
65 2
2
2
2 43 3
43
2
2
2
2
38 2
8
2
38 2
38 2
2
2
2
2
2
69 2
2 109 616
2 494 150
2
165 44
2
2
2
2
2
2
2
2
2
2
2
2
2
44
2
2
2
2
2 299
2
263
1 2
2
2
2 17
2
2
2
2
2
127 12 2 62
2
81 2 617 618 619 119
2 18
2
2
18
19
3
16
313 13 2
2 98
2
317 73 2 64
2
2 127
3
2
2
2 272 512
3
2
1
2
2
2
2
2
2
70
247 70
1
2
3
2
2
2
2
2
2
2
2
2
2
2
43
2
2
2
2
23 22 2 37
2
2
2
2
2 125 113 498
2
2
45
2
2
2
2 128 45 17 43 3
2
44
2
37
73 2
45
45
5 234
5
16 313
2
2
2
2
620 111
38 2
2
3
3
3
3
3
2
3
3
3
3
3
3
3 2
42
2
2
2
2
2
2
2
2
2
2
2
2
2
2
2
2
2
2
2
2 1
2
2
2
2
2
2
18
2
2
2
2
2
2
2 46
2
2
2
2
2 621
1
2
2
121 44 8
2 121
2
2
2
3 2
143 3
2
21 2
2
13 322 124
126 2
10 55 2
2
2
2
2
2 4 64 179 1 112
2
2
2
2
2
2
2
2
2 8 44
2
2
2
2
2
2
2
2
2
2
2
2
2
2
2
2
2
3
2
2
2
2
2
2
2
109 2
3
3
3
300 397 2
2 124
2
39
17
45 17
45 17
45
2
2
2 39
2
2
2
2
3
3
2
2
2
2
2
2
17
3
2
17
2
39
2 105
2
2
2 38 622
3
3 148 565
2
2 14
14
14
2
2
2
39
2
10 2
2
2
16
2
2
2
2
2
2
2 124
2 55
2
17
43
2
2
2
2
2
2 32 105
2
2
2
2
2
3
3 42
2
2
4 106 64 2
2
2
2
2
2
49
171
2
2
2
2
2
2
2
2
2
2 227
2
2
2
2
20 2
98
17
17 2
110
2
19
2 121
2
2
2
2
2
2 40
2
2
2
2
3
3
3
3
17
2
2
2 12
12 2
2 12
2
2
2 12
2
2
2
8
2
313
2 161
2
1
2
3
98 22
2
2
2
2
2
2
2
2
2
107
263
44 2
2
2
99
39
2
49
2
70
2
2
3
3
3
2 46
2
2
8 200
2
2
50
2 50
2
2
2
2 38
2
2
2
2
44
2
2
2
2
2
2
2
2
2
18
3
131 2
2
3
2
37 100 128
14
2
126 4 2
2
2
2
44 12
44
44
2
2
2
2
2
2
2
2
2
2
2
2
2
2
2
2
2
2
2
2
2
2
2
2
2
18
2
2
124 2
2
2
2
2
2
2
126 4 2
2 623
2
2
2 18
2
2
2
2
18
2
2
2
2
2
2
2
2
2
2
2
2
2
2
2
2
2 1
2
2
2
8
8
17
2
2
2
44
90
2
2
2
42
2
2
137
579 2 624
2
2
3
2
44 284 2
2
18
2
45
2 45
66
2
3
2
2 161 625 44 20 626 627
2
21 2 18
3
3
3 187
17
3
98
2
74 2
111
8 2
2 8
2
2
2
2
2
2
2
2
2
3
2
2
197 73 4 64 2
2
2
2
2 4
2
2
2 64 29
29 130
130
130
2
111
2
2
111
176
2
284 162
2
2
62
2
2
2
17
2
2
2
2
2
2
48
2
2
176
2
2
2
2
2
2
377
110 2
2 8
17
2
2 4
3
2
2
2
20 2
2
2
3
2 628
2
2
2 197
2
2
110
3
3
3
2 131
44
2
2
3
3
134 2 38
124 2
2
3
2
321
23 2
3
2
2
2
2
2
2
2
2
2
18
2
2
2
2
100
2
2
2 46
2
38 2
2
2
38 2
2
3
2
2
2
44 2
2
2 8
2
39
2
2
18
246
2
2
2
2 41
2
2
2
2
2
2
2
2
2
2
2
2
2
2
2
2
2
8 2
2
2
2 3 46 40
2
2
3
2 17
17
2
2
2
2
2
2
2
2
2
17
2 112 44
2
2
100 42 2
44 169
29 4 2 30 44
2
2
2
2
98
42
2
2
2 126 4
2
2
2
2
2
2 18
154 40 3
17 110
2
2
2
43
2
2
94 2
2
2
2
2
2 44
2
2
2
66 450
450 2
66
2
2
2
3 121
3
2
2
2
2
2
2
2 113 3
2
2
2
2
98
2
2
8
98
2
98
2
2
2
2
2
2
2
2
2
150 2
2
2
46
2
2
68 4 179 2
3
2
129
62
62 2
2
2
2
2
2
2
2
2
3 168
2
110
2
2 154
2
2
2
3
3 43
73 64 4 2
3
3
499 132 97 3 629 182 630 631 64
2
3
2
2
2
2
2
129 2
2
2 12
2
2
2
2
2
2
334 2
98
2 18
39
39
3
39
336 44
2
2
44
2
2
2 12
2
2
2
2
2
44
3
2
2
2
2
17
131 2
2
2
2
2
2
2
2
46
2
2
2
2
2
2
2
2 46
2
2
2
2 98
2
2
2
2 17 3 1 101 62
2
2
2
2
2
2 98
2
2
2
2
2
2
2
2
2
2
2
2
2
2
2
2
2
2
2
98
2
2
2
2
2
2
2
2
2
2
3
39
39
39
43
43
39
2
2
3
2
401 2
2
2
48
48
48
2
2
2
2
2
2
7
2
2
3
4 2 126 541 291
2
632 131 39
2
2
2
2
2
44 633
2
2
2
17
18
2
2
2
3
2
2
2
2
2
44
176
2
104 4 126 64 312
312 2 44
312
2
2 18
2 127
2
8
66
62
2
112 4 64 2 3 44
2
172
172
111 172
111
111
2 8 44
2
22 24 2
2
2
73 2 64
2 131
2 142
30 64 4 106 2 18 112
42
2
2
2
2
2
2
2
8
3 113 2
2
2
13 12
3
2
2
2
100
49 67 21 71
71 99
2
2
8
2
2
2
39
2
22 2
44
2
2
22 2
2
2
2
2
45 2 17
17 2
634 565 128 17 589
128 589
2
2
2
107
16
2
10 213 2
2
2
2
2
2
3 128
2
2
2
2
2 131
2
2 1
2
44
2
2
2
2
2
121 2
2
2
2
2
2
2
2
2
2
2 300 40
2
2
2
1
2
2
2
2
2
2
2
2
38 2
10 2
18 7
42
8 42
94 120 93 44 4
2
2
2
2
2
2
12 44
2 42
125 42
2
1 2
2
2
2
41 2
2
2
2
3
2
2
3 43
2
2
2
2
361
175
100
39
66
2
2
2
2
2
2
2
2
2
2
2 4
2
2
49 9
44
2
2
2
635 2
2
2
2
2
2
10 636 2 637 498 633 638
2 49
49 138
2
2
2
2
4 2
43 3
3
3
42
42
3
2
2
2
2
2
44 192
98
98
44
2
2
2
2 98
98
2
17
128
65
2
2
2
2
1
99
42
1
2
2 18
2
2
3
2
2
2
4 30 2 18 8
2 18
2
4 56 2 409 256
2
2
2
2
2 37
43 3
3
3
44
2
2
2
45
2
2
2 30 547
2 113 4
259 489 2
64 4 2
3
43
43 3
2
2
2
2 1
2
2
2
2
64 2
2
2
2
2
2
2
2
2
2
2
3 2
2
2
2
2
2
4 2
2
18 2 45
2
2
2 8
2 639
2
2
18
98
2
12 2
44 2
2
2 44
2
2 4 73
2
2
2
17
17
18
2
2
2
2 131
2
2
227 44
22 190 2 10
22 2
2
2
2
44
8 131
2
2
2
2
2
2
12 2
3
3
3
2
36
16
2
45
2
45
2
282 2
18
2
2
2
2
2
49
99
99
99
99
39
39
2
3
3 640
2
2
10 3 2
2
2 131 46
2
110
2
4 2
2
17
2
2
2
2
2
2
3
90
246
37
17
2 37
2
109 17 641
17
17
2
2
2
2
48
2
2
2
8
2 8 64 4 30 102 131
8
8
2 227 642
2 40
2
2
2
8
2
2
2
2
50
2
2
4 2 64
2
2
129
643 20 2
10 2
37 2
2
2
2
2
2
2
2
2
2
2
111
2
2
110
2
2
2
284
2
2
2
2
13 96 38
2 644 74
43
2
2 30 29 227 4 645
2
2
2
2
2
2
2
2
2
12 2
2
140
44
2
2
44
646 2
45
45
39
39
2
516 2 150
2
70
12 2
2
64 8
8
4 2 30
377
2
2
99
2
2
2
2 41
2
42
14
14
2
2
2
2 1
2
2
2 18
2
2
2
2
2
2
2
2
2 14
14
67
17
17
2
66
2
2
2
2
2
2
2
17
3
17
2 8
2 18 124
55
8
8
8
8
3
2
31 2
1
3
41 2
2
2 30 64
2
2
2
2
2
2 44
110
110
101
110
2 8
2
2
2 272
2
2
2
46
46
46 8
8 2
2
44
8
44 8
2 8 44
8
7 8
7
17
8
2
49
49
49
2
2
300 14
2
2
2 90
2
2
2
2
2
2
2
101
2
2
2
2
2
2
2
45
45
128 45 2
2
2 18 213
2
2
2
2
4 647 2 64
2
2
2
2
2
2
2
2 124
44 648
2
2
2
2
2
2
2
2 74
16
2 113 12 81 64 4 10 169 540 109 124
10 2 540
2
2 21
2 109 649 4 81 248
2
2
2
2
2
2
2
2
308 2
2 1
17 45
2
3
16
3
3
13
13
13
2
13
2
2
2
10 2
3
2
2
2
2
140
140
2
2
2
3
3
2
2
2
2
2
3 339
2
2
162
358 2
2
2
2
2
2 131
2
13 3
3
2
14
14
2
2
13 2
2 121
2
2 17
3
30 4 236 73 64 126 2
13 187 17
3
3
2
14
2
4 2 126 73
2
2
2
2
319 2
2
2
2
2
2
2
2
2
2
10 2
2
2
2
2
2
2
3
2
2
2
2
2
55 70 30 324
2
2
2
3
3
2
2
2
2
47
14 47 131
47
14
47
47
10 2
2 3
3
2
2
43
3
43
2
145 2
234
234
18 2
3
42
42
42
42
42
42
177
42
42
2
42
42
66
2
2
42
2
2
2
2
2
36
49
36 2 37
2
36
36
2 109
2
36
2
2
2 1
2 1
2
2
2 1
2 25 169 20 148
2
2
2
45
45
2
45
45
45
45
2
2 23
2
2
2
10 2
2 10
8 2
2
2 155 32
2
2
2
334 25 2 24 22
17
48
48
2 130
2
2
2
2 110
2
2
2
128
2
2
2
2
2
2
2
20 1 2 126 4 106
2
2
2
2
18 2
2
2
2
14
2
3
2
2
175
175
2
2
2
2
56 2
2
2 40
2
3
2
2
2
2
2
2 8
44 2
2
2
2
2
2
2
98
2
2
101 2
2
18
2
2
62 2
62
2
62
2
2
2
2
2
3
43 17 2
2
8
2
2
44
2
2
2
2
107
2
17
98
2
2
2 131
8
2
109 3
3
2
1 2
2
2
2
2
2
43 334 17 650
98
99
2 18
2
361
2 8
2
2
2
2 109
2
2
2
2
2
3
27
2
2
98
2
2
2
2
176
176
46 111 375
111
111
176
39
42
42
42
42
42
42
42
42
42
42
42
42
2
43
42
2
2
37
3
2
2
2
2
2 182
2
12 2 10 213
2
2
258
3
3
2
2
2
2
2
2
2
2
67
67
4 2
2
2
530
530
2
2
197 2 12
2
2
2
2
2
2
2
2
2
56 17 3 4 29
101 62
2
2
14
14 37
201
2
2
2
2
42
42
42
2
2
3
2
2
137
98 2
651 98
2
2
2
2
2
17
17
2
2
2
131 2
1
2
2
2
2
2 121
2
8 2 22
2
2
2
2
2
2
2
2
2
2
2
2
2
126 4 30 2
2
2
2
2
16
16 313
2 8
2 137
14
128 3
70
2
2
2
2
2
2
2
2
2
2
2
2
2
2
2
2
2
2
2
2
2
2
2
2
2
2
2
162
2
2
162
2
2
2
2
652 2
2
2
2
2
2
8 2
2
2
2
2
2 18
2
2
2 8
2
2
2
2
2
2
2
8
2
126 62
2
2
2
2
17
17
17
2
2
2
3
3
2
3
2
2
2
2
44
2
182 2 6 179
2
8
2
2
2
2
2
2
98
64 2
2
2
18
2
43 40 276
41 2
3
2
19
2 21
2
2
20 552 2
39
2
2
2
2
2
44
2
2
2
2
2
62 101
62 2
8
42
42
42
62
2
2
2
2
2
98
18 2
1
3
2
2
2
2
2
44
17
2
2
2
2
2
45
45
2
2
2
3 12
2
2
2
2
2
17
45
2
2
70
2
2
2
8
439 2
2
2
2
2
162
162
162
162
162
70
2
44
2
98
2
258
2
98
3
2
98
98
2
2
2
90
2
2
2
2
2
44
110
172
172
172
2
2
2
2
172
172
172
172
172
172
172
172
2
62
62
2
2
3
3
2
2
2
2
2 477
2
2
2 106
2
148 318 2
2
3
2
18
2
2
2
2
2
3
8
2 148
2
2
2
2
2
2
2
2
2
2
2
2
2
66
388 66
2
2
2
2 18
2
2
2
2
2
2
47
2
2
47
2
2
2
435
1
2
2
2
2
2
2
2
2
37
4 2
2
8
45
2
2
100
3
2 46
2 68 653
2
2
2
43
2
2
2
2
2
2
39
45
2
3
2
320 169 74 2 480
112 44
2
2
2
2
2
2
196
2
2 94 64
2 192
42
2 12
2
2
2
2
2 44
2
2
2
2
2
2
2
2
99
99
99
99
2 1 44 213 10
654 2 655
2
2
367 2
2 44
131 2
2
2
2
2 191
3
17
2
2
3
2
2
2
2
70
2
2
3
168 3
3
2
3
3
3
3
2
2
2
2
2
2
2
2 38
2
2
2
2
2
2
2
2
2 38
2
2
46 8
2
21 2
2
97 2
2
2
2
2
2
16
2
2
2
2 38
2
2
2
2 8
44
2
2
2
2 12 41 292 150 69 168 155
2
454
2
2 4 310 73 126
2
2
2
2 458
138 49
265 206 2
17
17 42
1 2
2
2
10 144 2
2 44
129
2 10
2
2
2
2
2
2
2
2 8
2 4
2
284
2
3
3
2
2
2
2
2
2
14
14
14
2
50
50
50
50
50
50
50
2
2
2
2
2
2 10 213
285
2
2
10 2
2
8 2
2
2
2
140
101 58 4
2
2
2
2
2
2
38 2 408 656 194
2
2
2
2
3
2 3
39
2 12
2
2
2
2 124
2
2
2
2
3
213 10 2
5
5
5
5
39
16
5
3
21 5
5
5
42 5
5
13
5
19
2
2 8
44
2
2
2
2
577
233
43
233
233
233
8
43
2
3
2
2
2
2
2
2
2
2
155 2
18 2
13
13
2
66
3
2
2
2
2
2
62
62
2 64 4 126
2
2
2
2
2
3
3
2
2 1
2 62
4 2
2
2
2
2
2 18
2
2
2
2 45 17
17
17
45
2
2 158
2 8
27 66 490 2 124
98
2
2
2
2 128 45 3 17
3
2
2
4 2
2
44
99
2
50
2 334
2
2
2
2
2
2
2
2
2
45
2
2
2
2
2
2 18
64 2
2
2
2
2
2
2
37 2
2
2
2
2
2
90 10
2
2 169
2
2
2
17
2
44
2
2 3
2
31 98
2
2
2
2
2
2
2
2
44
17
2
2
2
2
2
196
39
2
2
140
2
140
3
140
2
2
2
2 96
2 17 131 194 12
4 30 102 64 2
2
2
2
2 44
2
2
43
43
43 657
2
45
